  0.00000000E+00 -0.80546466E+01
  0.17683355E-01 -0.80551470E+01
  0.35366710E-01 -0.80550217E+01
  0.53050065E-01 -0.80542862E+01
  0.70733420E-01 -0.80529661E+01
  0.88416775E-01 -0.80510968E+01
  0.10610013E+00 -0.80487235E+01
  0.12378348E+00 -0.80459018E+01
  0.14146684E+00 -0.80426969E+01
  0.15915019E+00 -0.80391847E+01
  0.17683355E+00 -0.80354514E+01
  0.19451690E+00 -0.80315940E+01
  0.21220026E+00 -0.80277213E+01
  0.22988361E+00 -0.80239541E+01
  0.24756697E+00 -0.80204260E+01
  0.26525032E+00 -0.80172840E+01
  0.28293368E+00 -0.80146889E+01
  0.30061703E+00 -0.80128147E+01
  0.31830039E+00 -0.80118480E+01
  0.33598374E+00 -0.80119857E+01
  0.35366710E+00 -0.80134317E+01
  0.37135045E+00 -0.80163921E+01
  0.38903381E+00 -0.80210690E+01
  0.40671716E+00 -0.80276525E+01
  0.42440052E+00 -0.80363118E+01
  0.44208387E+00 -0.80471857E+01
  0.45976723E+00 -0.80603730E+01
  0.47745058E+00 -0.80759235E+01
  0.49513394E+00 -0.80938307E+01
  0.51281729E+00 -0.81140276E+01
  0.53050065E+00 -0.81363845E+01
  0.54818400E+00 -0.81607109E+01
  0.56586736E+00 -0.81867607E+01
  0.58355071E+00 -0.82142391E+01
  0.60123407E+00 -0.82428126E+01
  0.61891742E+00 -0.82721187E+01
  0.63660078E+00 -0.83017764E+01
  0.65428413E+00 -0.83313956E+01
  0.67196749E+00 -0.83605856E+01
  0.68965084E+00 -0.83889621E+01
  0.70733420E+00 -0.84161532E+01
  0.72501755E+00 -0.84418039E+01
  0.74270091E+00 -0.84655809E+01
  0.76038426E+00 -0.84871753E+01
  0.77806762E+00 -0.85063064E+01
  0.79575097E+00 -0.85227243E+01
  0.81343433E+00 -0.85362126E+01
  0.83111768E+00 -0.85465914E+01
  0.84880104E+00 -0.85537188E+01
  0.86648439E+00 -0.85574936E+01
  0.88416775E+00 -0.85578559E+01
  0.90188960E+00 -0.85580125E+01
  0.91961145E+00 -0.85558078E+01
  0.93733331E+00 -0.85512865E+01
  0.95505516E+00 -0.85445241E+01
  0.97277701E+00 -0.85356249E+01
  0.99049887E+00 -0.85247195E+01
  0.10082207E+01 -0.85119619E+01
  0.10259426E+01 -0.84975270E+01
  0.10436644E+01 -0.84816068E+01
  0.10613863E+01 -0.84644086E+01
  0.10791081E+01 -0.84461514E+01
  0.10968300E+01 -0.84270641E+01
  0.11145518E+01 -0.84073827E+01
  0.11322737E+01 -0.83873482E+01
  0.11499955E+01 -0.83672037E+01
  0.11677174E+01 -0.83471914E+01
  0.11854393E+01 -0.83275492E+01
  0.12031611E+01 -0.83085064E+01
  0.12208830E+01 -0.82902794E+01
  0.12386048E+01 -0.82730662E+01
  0.12563267E+01 -0.82570419E+01
  0.12740485E+01 -0.82423537E+01
  0.12917704E+01 -0.82291176E+01
  0.13094922E+01 -0.82174154E+01
  0.13272141E+01 -0.82072940E+01
  0.13449359E+01 -0.81987660E+01
  0.13626578E+01 -0.81918115E+01
  0.13803796E+01 -0.81863815E+01
  0.13981015E+01 -0.81824029E+01
  0.14158233E+01 -0.81797824E+01
  0.14335452E+01 -0.81784126E+01
  0.14512671E+01 -0.81781767E+01
  0.14689889E+01 -0.81789528E+01
  0.14867108E+01 -0.81806186E+01
  0.15044326E+01 -0.81830542E+01
  0.15221545E+01 -0.81861452E+01
  0.15398763E+01 -0.81897847E+01
  0.15575982E+01 -0.81938748E+01
  0.15753200E+01 -0.81983271E+01
  0.15930419E+01 -0.82030638E+01
  0.16107637E+01 -0.82080171E+01
  0.16284856E+01 -0.82131297E+01
  0.16462074E+01 -0.82183536E+01
  0.16639293E+01 -0.82236501E+01
  0.16817911E+01 -0.81956261E+01
  0.16996529E+01 -0.81689410E+01
  0.17175147E+01 -0.81439010E+01
  0.17353765E+01 -0.81207676E+01
  0.17532383E+01 -0.80997500E+01
  0.17711001E+01 -0.80809990E+01
  0.17889619E+01 -0.80646049E+01
  0.18068237E+01 -0.80505970E+01
  0.18246855E+01 -0.80389474E+01
  0.18425473E+01 -0.80295761E+01
  0.18604091E+01 -0.80223593E+01
  0.18782709E+01 -0.80171383E+01
  0.18961326E+01 -0.80137285E+01
  0.19139944E+01 -0.80119286E+01
  0.19318562E+01 -0.80115292E+01
  0.19497180E+01 -0.80123189E+01
  0.19675798E+01 -0.80140908E+01
  0.19854416E+01 -0.80166461E+01
  0.20033034E+01 -0.80197977E+01
  0.20211652E+01 -0.80233716E+01
  0.20390270E+01 -0.80272082E+01
  0.20568888E+01 -0.80311627E+01
  0.20747506E+01 -0.80351051E+01
  0.20926124E+01 -0.80389195E+01
  0.21104742E+01 -0.80425040E+01
  0.21283360E+01 -0.80457694E+01
  0.21461978E+01 -0.80486391E+01
  0.21640596E+01 -0.80510481E+01
  0.21819214E+01 -0.80529424E+01
  0.21997832E+01 -0.80542782E+01
  0.22176450E+01 -0.80550220E+01
  0.22355068E+01 -0.80551497E+01
  0.22533686E+01 -0.80546466E+01
  
  0.00000000E+00 -0.80546466E+01
  0.17683355E-01 -0.80535148E+01
  0.35366710E-01 -0.80517561E+01
  0.53050065E-01 -0.80493846E+01
  0.70733420E-01 -0.80464243E+01
  0.88416775E-01 -0.80429093E+01
  0.10610013E+00 -0.80388833E+01
  0.12378348E+00 -0.80344004E+01
  0.14146684E+00 -0.80295248E+01
  0.15915019E+00 -0.80243313E+01
  0.17683355E+00 -0.80189060E+01
  0.19451690E+00 -0.80133467E+01
  0.21220026E+00 -0.80077635E+01
  0.22988361E+00 -0.80022801E+01
  0.24756697E+00 -0.79970340E+01
  0.26525032E+00 -0.79921780E+01
  0.28293368E+00 -0.79878798E+01
  0.30061703E+00 -0.79843224E+01
  0.31830039E+00 -0.79817032E+01
  0.33598374E+00 -0.79802318E+01
  0.35366710E+00 -0.79801275E+01
  0.37135045E+00 -0.79816138E+01
  0.38903381E+00 -0.79849128E+01
  0.40671716E+00 -0.79902371E+01
  0.42440052E+00 -0.79977803E+01
  0.44208387E+00 -0.80077071E+01
  0.45976723E+00 -0.80201419E+01
  0.47745058E+00 -0.80351593E+01
  0.49513394E+00 -0.80527746E+01
  0.51281729E+00 -0.80729378E+01
  0.53050065E+00 -0.80955304E+01
  0.54818400E+00 -0.81203660E+01
  0.56586736E+00 -0.81471950E+01
  0.58355071E+00 -0.81757122E+01
  0.60123407E+00 -0.82055673E+01
  0.61891742E+00 -0.82363766E+01
  0.63660078E+00 -0.82677352E+01
  0.65428413E+00 -0.82992280E+01
  0.67196749E+00 -0.83304402E+01
  0.68965084E+00 -0.83609652E+01
  0.70733420E+00 -0.83904113E+01
  0.72501755E+00 -0.84184069E+01
  0.74270091E+00 -0.84446047E+01
  0.76038426E+00 -0.84686844E+01
  0.77806762E+00 -0.84903555E+01
  0.79575097E+00 -0.85093599E+01
  0.81343433E+00 -0.85254735E+01
  0.83111768E+00 -0.85385089E+01
  0.84880104E+00 -0.85483170E+01
  0.86648439E+00 -0.85547886E+01
  0.88416775E+00 -0.85578559E+01
  0.90188960E+00 -0.85553253E+01
  0.91961145E+00 -0.85504403E+01
  0.93733331E+00 -0.85432529E+01
  0.95505516E+00 -0.85338461E+01
  0.97277701E+00 -0.85223321E+01
  0.99049887E+00 -0.85088501E+01
  0.10082207E+01 -0.84935632E+01
  0.10259426E+01 -0.84766559E+01
  0.10436644E+01 -0.84583306E+01
  0.10613863E+01 -0.84388050E+01
  0.10791081E+01 -0.84183091E+01
  0.10968300E+01 -0.83970824E+01
  0.11145518E+01 -0.83753717E+01
  0.11322737E+01 -0.83534282E+01
  0.11499955E+01 -0.83315048E+01
  0.11677174E+01 -0.83098527E+01
  0.11854393E+01 -0.82887179E+01
  0.12031611E+01 -0.82683367E+01
  0.12208830E+01 -0.82489308E+01
  0.12386048E+01 -0.82307021E+01
  0.12563267E+01 -0.82138274E+01
  0.12740485E+01 -0.81984538E+01
  0.12917704E+01 -0.81846942E+01
  0.13094922E+01 -0.81726253E+01
  0.13272141E+01 -0.81622860E+01
  0.13449359E+01 -0.81536785E+01
  0.13626578E+01 -0.81467707E+01
  0.13803796E+01 -0.81414998E+01
  0.13981015E+01 -0.81377772E+01
  0.14158233E+01 -0.81354943E+01
  0.14335452E+01 -0.81345277E+01
  0.14512671E+01 -0.81347451E+01
  0.14689889E+01 -0.81360102E+01
  0.14867108E+01 -0.81381871E+01
  0.15044326E+01 -0.81411439E+01
  0.15221545E+01 -0.81447555E+01
  0.15398763E+01 -0.81489059E+01
  0.15575982E+01 -0.81534891E+01
  0.15753200E+01 -0.81584103E+01
  0.15930419E+01 -0.81635858E+01
  0.16107637E+01 -0.81689426E+01
  0.16284856E+01 -0.81744184E+01
  0.16462074E+01 -0.81799601E+01
  0.16639293E+01 -0.81855240E+01
  0.16817911E+01 -0.81563823E+01
  0.16996529E+01 -0.81288342E+01
  0.17175147E+01 -0.81031985E+01
  0.17353765E+01 -0.80797427E+01
  0.17532383E+01 -0.80586755E+01
  0.17711001E+01 -0.80401405E+01
  0.17889619E+01 -0.80242139E+01
  0.18068237E+01 -0.80109058E+01
  0.18246855E+01 -0.80001645E+01
  0.18425473E+01 -0.79918837E+01
  0.18604091E+01 -0.79859126E+01
  0.18782709E+01 -0.79820654E+01
  0.18961326E+01 -0.79801326E+01
  0.19139944E+01 -0.79798905E+01
  0.19318562E+01 -0.79811096E+01
  0.19497180E+01 -0.79835624E+01
  0.19675798E+01 -0.79870281E+01
  0.19854416E+01 -0.79912973E+01
  0.20033034E+01 -0.79961742E+01
  0.20211652E+01 -0.80014783E+01
  0.20390270E+01 -0.80070451E+01
  0.20568888E+01 -0.80127260E+01
  0.20747506E+01 -0.80183884E+01
  0.20926124E+01 -0.80239146E+01
  0.21104742E+01 -0.80292013E+01
  0.21283360E+01 -0.80341590E+01
  0.21461978E+01 -0.80387108E+01
  0.21640596E+01 -0.80427920E+01
  0.21819214E+01 -0.80463494E+01
  0.21997832E+01 -0.80493408E+01
  0.22176450E+01 -0.80517340E+01
  0.22355068E+01 -0.80535068E+01
  0.22533686E+01 -0.80546466E+01
  
  0.00000000E+00 -0.59958736E+01
  0.17683355E-01 -0.59978297E+01
  0.35366710E-01 -0.60013802E+01
  0.53050065E-01 -0.60065603E+01
  0.70733420E-01 -0.60134312E+01
  0.88416775E-01 -0.60220803E+01
  0.10610013E+00 -0.60326210E+01
  0.12378348E+00 -0.60451924E+01
  0.14146684E+00 -0.60599568E+01
  0.15915019E+00 -0.60770967E+01
  0.17683355E+00 -0.60968086E+01
  0.19451690E+00 -0.61192951E+01
  0.21220026E+00 -0.61447551E+01
  0.22988361E+00 -0.61733717E+01
  0.24756697E+00 -0.62052989E+01
  0.26525032E+00 -0.62406480E+01
  0.28293368E+00 -0.62794751E+01
  0.30061703E+00 -0.63217705E+01
  0.31830039E+00 -0.63674517E+01
  0.33598374E+00 -0.64163611E+01
  0.35366710E+00 -0.64682674E+01
  0.37135045E+00 -0.65228737E+01
  0.38903381E+00 -0.65798274E+01
  0.40671716E+00 -0.66387344E+01
  0.42440052E+00 -0.66991738E+01
  0.44208387E+00 -0.67607130E+01
  0.45976723E+00 -0.68229214E+01
  0.47745058E+00 -0.68853817E+01
  0.49513394E+00 -0.69476992E+01
  0.51281729E+00 -0.70095063E+01
  0.53050065E+00 -0.70704663E+01
  0.54818400E+00 -0.71302726E+01
  0.56586736E+00 -0.71886468E+01
  0.58355071E+00 -0.72453353E+01
  0.60123407E+00 -0.73001051E+01
  0.61891742E+00 -0.73527406E+01
  0.63660078E+00 -0.74034725E+01
  0.65428413E+00 -0.74519362E+01
  0.67196749E+00 -0.74975327E+01
  0.68965084E+00 -0.75401053E+01
  0.70733420E+00 -0.75795049E+01
  0.72501755E+00 -0.76155895E+01
  0.74270091E+00 -0.76482260E+01
  0.76038426E+00 -0.76772914E+01
  0.77806762E+00 -0.77026741E+01
  0.79575097E+00 -0.77242765E+01
  0.81343433E+00 -0.77420152E+01
  0.83111768E+00 -0.77558229E+01
  0.84880104E+00 -0.77656492E+01
  0.86648439E+00 -0.77714601E+01
  0.88416775E+00 -0.77732392E+01
  0.90188960E+00 -0.77722443E+01
  0.91961145E+00 -0.77687950E+01
  0.93733331E+00 -0.77629061E+01
  0.95505516E+00 -0.77546060E+01
  0.97277701E+00 -0.77439365E+01
  0.99049887E+00 -0.77309545E+01
  0.10082207E+01 -0.77157332E+01
  0.10259426E+01 -0.76983629E+01
  0.10436644E+01 -0.76789535E+01
  0.10613863E+01 -0.76576360E+01
  0.10791081E+01 -0.76345644E+01
  0.10968300E+01 -0.76099175E+01
  0.11145518E+01 -0.75839005E+01
  0.11322737E+01 -0.75567452E+01
  0.11499955E+01 -0.75287102E+01
  0.11677174E+01 -0.75000797E+01
  0.11854393E+01 -0.74711604E+01
  0.12031611E+01 -0.74422767E+01
  0.12208830E+01 -0.74137630E+01
  0.12386048E+01 -0.73859539E+01
  0.12563267E+01 -0.73591732E+01
  0.12740485E+01 -0.73337254E+01
  0.12917704E+01 -0.73098891E+01
  0.13094922E+01 -0.72879114E+01
  0.13272141E+01 -0.72680017E+01
  0.13449359E+01 -0.72503249E+01
  0.13626578E+01 -0.72349974E+01
  0.13803796E+01 -0.72220840E+01
  0.13981015E+01 -0.72115991E+01
  0.14158233E+01 -0.72035094E+01
  0.14335452E+01 -0.71977393E+01
  0.14512671E+01 -0.71941773E+01
  0.14689889E+01 -0.71926830E+01
  0.14867108E+01 -0.71930947E+01
  0.15044326E+01 -0.71952360E+01
  0.15221545E+01 -0.71989231E+01
  0.15398763E+01 -0.72039705E+01
  0.15575982E+01 -0.72101972E+01
  0.15753200E+01 -0.72174314E+01
  0.15930419E+01 -0.72255147E+01
  0.16107637E+01 -0.72343053E+01
  0.16284856E+01 -0.72436802E+01
  0.16462074E+01 -0.72535368E+01
  0.16639293E+01 -0.72637926E+01
  0.16817911E+01 -0.72071695E+01
  0.16996529E+01 -0.71487189E+01
  0.17175147E+01 -0.70886999E+01
  0.17353765E+01 -0.70274001E+01
  0.17532383E+01 -0.69651373E+01
  0.17711001E+01 -0.69022604E+01
  0.17889619E+01 -0.68391485E+01
  0.18068237E+01 -0.67762081E+01
  0.18246855E+01 -0.67138669E+01
  0.18425473E+01 -0.66525663E+01
  0.18604091E+01 -0.65927492E+01
  0.18782709E+01 -0.65348474E+01
  0.18961326E+01 -0.64792656E+01
  0.19139944E+01 -0.64263668E+01
  0.19318562E+01 -0.63764580E+01
  0.19497180E+01 -0.63297795E+01
  0.19675798E+01 -0.62864987E+01
  0.19854416E+01 -0.62467080E+01
  0.20033034E+01 -0.62104285E+01
  0.20211652E+01 -0.61776174E+01
  0.20390270E+01 -0.61481778E+01
  0.20568888E+01 -0.61219706E+01
  0.20747506E+01 -0.60988259E+01
  0.20926124E+01 -0.60785552E+01
  0.21104742E+01 -0.60609609E+01
  0.21283360E+01 -0.60458455E+01
  0.21461978E+01 -0.60330195E+01
  0.21640596E+01 -0.60223073E+01
  0.21819214E+01 -0.60135527E+01
  0.21997832E+01 -0.60066231E+01
  0.22176450E+01 -0.60014126E+01
  0.22355068E+01 -0.59978447E+01
  0.22533686E+01 -0.59958736E+01
  
  0.00000000E+00 -0.59958736E+01
  0.17683355E-01 -0.59955018E+01
  0.35366710E-01 -0.59967295E+01
  0.53050065E-01 -0.59995974E+01
  0.70733420E-01 -0.60041720E+01
  0.88416775E-01 -0.60105465E+01
  0.10610013E+00 -0.60188413E+01
  0.12378348E+00 -0.60292039E+01
  0.14146684E+00 -0.60418082E+01
  0.15915019E+00 -0.60568516E+01
  0.17683355E+00 -0.60745512E+01
  0.19451690E+00 -0.60951366E+01
  0.21220026E+00 -0.61188412E+01
  0.22988361E+00 -0.61458899E+01
  0.24756697E+00 -0.61764850E+01
  0.26525032E+00 -0.62107898E+01
  0.28293368E+00 -0.62489118E+01
  0.30061703E+00 -0.62908868E+01
  0.31830039E+00 -0.63366662E+01
  0.33598374E+00 -0.63861086E+01
  0.35366710E+00 -0.64389790E+01
  0.37135045E+00 -0.64949544E+01
  0.38903381E+00 -0.65536362E+01
  0.40671716E+00 -0.66145681E+01
  0.42440052E+00 -0.66772563E+01
  0.44208387E+00 -0.67411902E+01
  0.45976723E+00 -0.68058615E+01
  0.47745058E+00 -0.68707805E+01
  0.49513394E+00 -0.69354875E+01
  0.51281729E+00 -0.69995615E+01
  0.53050065E+00 -0.70626239E+01
  0.54818400E+00 -0.71243385E+01
  0.56586736E+00 -0.71844098E+01
  0.58355071E+00 -0.72425776E+01
  0.60123407E+00 -0.72986118E+01
  0.61891742E+00 -0.73523062E+01
  0.63660078E+00 -0.74030394E+01
  0.65428413E+00 -0.74508105E+01
  0.67196749E+00 -0.74958727E+01
  0.68965084E+00 -0.75380540E+01
  0.70733420E+00 -0.75771913E+01
  0.72501755E+00 -0.76131314E+01
  0.74270091E+00 -0.76457316E+01
  0.76038426E+00 -0.76748603E+01
  0.77806762E+00 -0.77003981E+01
  0.79575097E+00 -0.77222387E+01
  0.81343433E+00 -0.77402891E+01
  0.83111768E+00 -0.77544707E+01
  0.84880104E+00 -0.77647195E+01
  0.86648439E+00 -0.77709867E+01
  0.88416775E+00 -0.77732392E+01
  0.90188960E+00 -0.77717779E+01
  0.91961145E+00 -0.77678712E+01
  0.93733331E+00 -0.77615429E+01
  0.95505516E+00 -0.77528298E+01
  0.97277701E+00 -0.77417824E+01
  0.99049887E+00 -0.77284655E+01
  0.10082207E+01 -0.77129593E+01
  0.10259426E+01 -0.76953604E+01
  0.10436644E+01 -0.76757832E+01
  0.10613863E+01 -0.76543617E+01
  0.10791081E+01 -0.76312506E+01
  0.10968300E+01 -0.76066268E+01
  0.11145518E+01 -0.75806898E+01
  0.11322737E+01 -0.75536627E+01
  0.11499955E+01 -0.75257906E+01
  0.11677174E+01 -0.74973398E+01
  0.11854393E+01 -0.74685949E+01
  0.12031611E+01 -0.74398554E+01
  0.12208830E+01 -0.74114326E+01
  0.12386048E+01 -0.73836455E+01
  0.12563267E+01 -0.73568153E+01
  0.12740485E+01 -0.73312560E+01
  0.12917704E+01 -0.73072620E+01
  0.13094922E+01 -0.72850960E+01
  0.13272141E+01 -0.72649792E+01
  0.13449359E+01 -0.72470855E+01
  0.13626578E+01 -0.72315385E+01
  0.13803796E+01 -0.72184108E+01
  0.13981015E+01 -0.72077254E+01
  0.14158233E+01 -0.71994590E+01
  0.14335452E+01 -0.71935459E+01
  0.14512671E+01 -0.71898832E+01
  0.14689889E+01 -0.71883373E+01
  0.14867108E+01 -0.71887498E+01
  0.15044326E+01 -0.71909450E+01
  0.15221545E+01 -0.71947364E+01
  0.15398763E+01 -0.71999340E+01
  0.15575982E+01 -0.72063502E+01
  0.15753200E+01 -0.72138058E+01
  0.15930419E+01 -0.72221344E+01
  0.16107637E+01 -0.72311864E+01
  0.16284856E+01 -0.72408312E+01
  0.16462074E+01 -0.72509587E+01
  0.16639293E+01 -0.72614795E+01
  0.16817911E+01 -0.72033492E+01
  0.16996529E+01 -0.71431761E+01
  0.17175147E+01 -0.70812314E+01
  0.17353765E+01 -0.70178232E+01
  0.17532383E+01 -0.69532995E+01
  0.17711001E+01 -0.68880488E+01
  0.17889619E+01 -0.68224998E+01
  0.18068237E+01 -0.67571169E+01
  0.18246855E+01 -0.66923942E+01
  0.18425473E+01 -0.66288442E+01
  0.18604091E+01 -0.65669840E+01
  0.18782709E+01 -0.65073167E+01
  0.18961326E+01 -0.64503106E+01
  0.19139944E+01 -0.63963787E+01
  0.19318562E+01 -0.63458592E+01
  0.19497180E+01 -0.62990029E+01
  0.19675798E+01 -0.62559656E+01
  0.19854416E+01 -0.62168106E+01
  0.20033034E+01 -0.61815164E+01
  0.20211652E+01 -0.61499901E+01
  0.20390270E+01 -0.61220836E+01
  0.20568888E+01 -0.60976091E+01
  0.20747506E+01 -0.60763543E+01
  0.20926124E+01 -0.60580947E+01
  0.21104742E+01 -0.60426045E+01
  0.21283360E+01 -0.60296641E+01
  0.21461978E+01 -0.60190672E+01
  0.21640596E+01 -0.60106254E+01
  0.21819214E+01 -0.60041728E+01
  0.21997832E+01 -0.59995687E+01
  0.22176450E+01 -0.59967006E+01
  0.22355068E+01 -0.59954860E+01
  0.22533686E+01 -0.59958736E+01
  
  0.00000000E+00 -0.42063309E+01
  0.17683355E-01 -0.42165817E+01
  0.35366710E-01 -0.42341455E+01
  0.53050065E-01 -0.42594565E+01
  0.70733420E-01 -0.42929287E+01
  0.88416775E-01 -0.43347359E+01
  0.10610013E+00 -0.43846376E+01
  0.12378348E+00 -0.44419374E+01
  0.14146684E+00 -0.45055856E+01
  0.15915019E+00 -0.45743489E+01
  0.17683355E+00 -0.46469646E+01
  0.19451690E+00 -0.47222386E+01
  0.21220026E+00 -0.47990908E+01
  0.22988361E+00 -0.48765685E+01
  0.24756697E+00 -0.49538432E+01
  0.26525032E+00 -0.50302018E+01
  0.28293368E+00 -0.51050369E+01
  0.30061703E+00 -0.51778386E+01
  0.31830039E+00 -0.52481866E+01
  0.33598374E+00 -0.53157414E+01
  0.35366710E+00 -0.53802355E+01
  0.37135045E+00 -0.54414617E+01
  0.38903381E+00 -0.54992616E+01
  0.40671716E+00 -0.55535132E+01
  0.42440052E+00 -0.56041214E+01
  0.44208387E+00 -0.56510116E+01
  0.45976723E+00 -0.56941272E+01
  0.47745058E+00 -0.57334323E+01
  0.49513394E+00 -0.57689182E+01
  0.51281729E+00 -0.58006121E+01
  0.53050065E+00 -0.58285876E+01
  0.54818400E+00 -0.58529751E+01
  0.56586736E+00 -0.58739706E+01
  0.58355071E+00 -0.58918416E+01
  0.60123407E+00 -0.59069287E+01
  0.61891742E+00 -0.59196414E+01
  0.63660078E+00 -0.59304458E+01
  0.65428413E+00 -0.59398408E+01
  0.67196749E+00 -0.59483219E+01
  0.68965084E+00 -0.59563327E+01
  0.70733420E+00 -0.59642133E+01
  0.72501755E+00 -0.59721561E+01
  0.74270091E+00 -0.59801875E+01
  0.76038426E+00 -0.59881802E+01
  0.77806762E+00 -0.59958930E+01
  0.79575097E+00 -0.60030221E+01
  0.81343433E+00 -0.60092496E+01
  0.83111768E+00 -0.60142795E+01
  0.84880104E+00 -0.60178609E+01
  0.86648439E+00 -0.60197987E+01
  0.88416775E+00 -0.60199585E+01
  0.90188960E+00 -0.60201149E+01
  0.91961145E+00 -0.60188477E+01
  0.93733331E+00 -0.60162534E+01
  0.95505516E+00 -0.60124762E+01
  0.97277701E+00 -0.60077077E+01
  0.99049887E+00 -0.60021814E+01
  0.10082207E+01 -0.59961620E+01
  0.10259426E+01 -0.59899261E+01
  0.10436644E+01 -0.59837354E+01
  0.10613863E+01 -0.59778033E+01
  0.10791081E+01 -0.59722639E+01
  0.10968300E+01 -0.59671497E+01
  0.11145518E+01 -0.59623876E+01
  0.11322737E+01 -0.59578143E+01
  0.11499955E+01 -0.59532078E+01
  0.11677174E+01 -0.59483265E+01
  0.11854393E+01 -0.59429484E+01
  0.12031611E+01 -0.59369047E+01
  0.12208830E+01 -0.59301060E+01
  0.12386048E+01 -0.59225611E+01
  0.12563267E+01 -0.59143859E+01
  0.12740485E+01 -0.59058018E+01
  0.12917704E+01 -0.58971200E+01
  0.13094922E+01 -0.58887095E+01
  0.13272141E+01 -0.58809509E+01
  0.13449359E+01 -0.58741841E+01
  0.13626578E+01 -0.58686616E+01
  0.13803796E+01 -0.58645220E+01
  0.13981015E+01 -0.58617874E+01
  0.14158233E+01 -0.58603836E+01
  0.14335452E+01 -0.58601705E+01
  0.14512671E+01 -0.58609734E+01
  0.14689889E+01 -0.58626078E+01
  0.14867108E+01 -0.58648957E+01
  0.15044326E+01 -0.58676746E+01
  0.15221545E+01 -0.58708014E+01
  0.15398763E+01 -0.58741527E+01
  0.15575982E+01 -0.58776239E+01
  0.15753200E+01 -0.58811277E+01
  0.15930419E+01 -0.58845928E+01
  0.16107637E+01 -0.58879631E+01
  0.16284856E+01 -0.58911964E+01
  0.16462074E+01 -0.58942648E+01
  0.16639293E+01 -0.58971540E+01
  0.16817911E+01 -0.58802713E+01
  0.16996529E+01 -0.58602862E+01
  0.17175147E+01 -0.58368745E+01
  0.17353765E+01 -0.58097940E+01
  0.17532383E+01 -0.57788826E+01
  0.17711001E+01 -0.57440518E+01
  0.17889619E+01 -0.57052755E+01
  0.18068237E+01 -0.56625768E+01
  0.18246855E+01 -0.56160127E+01
  0.18425473E+01 -0.55656614E+01
  0.18604091E+01 -0.55116136E+01
  0.18782709E+01 -0.54539701E+01
  0.18961326E+01 -0.53928467E+01
  0.19139944E+01 -0.53283858E+01
  0.19318562E+01 -0.52607719E+01
  0.19497180E+01 -0.51902498E+01
  0.19675798E+01 -0.51171396E+01
  0.19854416E+01 -0.50418508E+01
  0.20033034E+01 -0.49648912E+01
  0.20211652E+01 -0.48868755E+01
  0.20390270E+01 -0.48085321E+01
  0.20568888E+01 -0.47307107E+01
  0.20747506E+01 -0.46543899E+01
  0.20926124E+01 -0.45806795E+01
  0.21104742E+01 -0.45108073E+01
  0.21283360E+01 -0.44460741E+01
  0.21461978E+01 -0.43877551E+01
  0.21640596E+01 -0.43369433E+01
  0.21819214E+01 -0.42943709E+01
  0.21997832E+01 -0.42602987E+01
  0.22176450E+01 -0.42345549E+01
  0.22355068E+01 -0.42167151E+01
  0.22533686E+01 -0.42063309E+01
  
  0.00000000E+00 -0.42063309E+01
  0.17683355E-01 -0.42031225E+01
  0.35366710E-01 -0.42069746E+01
  0.53050065E-01 -0.42182628E+01
  0.70733420E-01 -0.42377096E+01
  0.88416775E-01 -0.42662113E+01
  0.10610013E+00 -0.43044350E+01
  0.12378348E+00 -0.43523318E+01
  0.14146684E+00 -0.44089486E+01
  0.15915019E+00 -0.44727001E+01
  0.17683355E+00 -0.45418155E+01
  0.19451690E+00 -0.46146492E+01
  0.21220026E+00 -0.46897992E+01
  0.22988361E+00 -0.47661141E+01
  0.24756697E+00 -0.48426595E+01
  0.26525032E+00 -0.49186787E+01
  0.28293368E+00 -0.49935582E+01
  0.30061703E+00 -0.50668002E+01
  0.31830039E+00 -0.51380003E+01
  0.33598374E+00 -0.52068292E+01
  0.35366710E+00 -0.52730174E+01
  0.37135045E+00 -0.53363417E+01
  0.38903381E+00 -0.53966141E+01
  0.40671716E+00 -0.54536738E+01
  0.42440052E+00 -0.55073818E+01
  0.44208387E+00 -0.55576187E+01
  0.45976723E+00 -0.56042867E+01
  0.47745058E+00 -0.56473140E+01
  0.49513394E+00 -0.56866630E+01
  0.51281729E+00 -0.57223395E+01
  0.53050065E+00 -0.57544036E+01
  0.54818400E+00 -0.57829797E+01
  0.56586736E+00 -0.58082648E+01
  0.58355071E+00 -0.58305336E+01
  0.60123407E+00 -0.58501378E+01
  0.61891742E+00 -0.58674971E+01
  0.63660078E+00 -0.58830791E+01
  0.65428413E+00 -0.58973654E+01
  0.67196749E+00 -0.59108034E+01
  0.68965084E+00 -0.59237529E+01
  0.70733420E+00 -0.59364377E+01
  0.72501755E+00 -0.59489224E+01
  0.74270091E+00 -0.59611197E+01
  0.76038426E+00 -0.59728271E+01
  0.77806762E+00 -0.59837769E+01
  0.79575097E+00 -0.59936840E+01
  0.81343433E+00 -0.60022828E+01
  0.83111768E+00 -0.60093496E+01
  0.84880104E+00 -0.60147147E+01
  0.86648439E+00 -0.60182676E+01
  0.88416775E+00 -0.60199585E+01
  0.90188960E+00 -0.60183290E+01
  0.91961145E+00 -0.60152219E+01
  0.93733331E+00 -0.60106760E+01
  0.95505516E+00 -0.60047718E+01
  0.97277701E+00 -0.59976301E+01
  0.99049887E+00 -0.59894102E+01
  0.10082207E+01 -0.59803061E+01
  0.10259426E+01 -0.59705389E+01
  0.10436644E+01 -0.59603444E+01
  0.10613863E+01 -0.59499548E+01
  0.10791081E+01 -0.59395737E+01
  0.10968300E+01 -0.59293512E+01
  0.11145518E+01 -0.59193629E+01
  0.11322737E+01 -0.59096011E+01
  0.11499955E+01 -0.58999827E+01
  0.11677174E+01 -0.58903734E+01
  0.11854393E+01 -0.58806214E+01
  0.12031611E+01 -0.58705950E+01
  0.12208830E+01 -0.58602158E+01
  0.12386048E+01 -0.58494851E+01
  0.12563267E+01 -0.58385012E+01
  0.12740485E+01 -0.58274643E+01
  0.12917704E+01 -0.58166681E+01
  0.13094922E+01 -0.58064739E+01
  0.13272141E+01 -0.57972683E+01
  0.13449359E+01 -0.57894113E+01
  0.13626578E+01 -0.57831855E+01
  0.13803796E+01 -0.57787611E+01
  0.13981015E+01 -0.57761844E+01
  0.14158233E+01 -0.57753878E+01
  0.14335452E+01 -0.57762149E+01
  0.14512671E+01 -0.57784505E+01
  0.14689889E+01 -0.57818496E+01
  0.14867108E+01 -0.57861603E+01
  0.15044326E+01 -0.57911396E+01
  0.15221545E+01 -0.57965640E+01
  0.15398763E+01 -0.58022340E+01
  0.15575982E+01 -0.58079761E+01
  0.15753200E+01 -0.58136430E+01
  0.15930419E+01 -0.58191119E+01
  0.16107637E+01 -0.58242832E+01
  0.16284856E+01 -0.58290794E+01
  0.16462074E+01 -0.58334431E+01
  0.16639293E+01 -0.58373369E+01
  0.16817911E+01 -0.58159079E+01
  0.16996529E+01 -0.57914986E+01
  0.17175147E+01 -0.57637813E+01
  0.17353765E+01 -0.57325144E+01
  0.17532383E+01 -0.56975414E+01
  0.17711001E+01 -0.56587852E+01
  0.17889619E+01 -0.56162364E+01
  0.18068237E+01 -0.55699408E+01
  0.18246855E+01 -0.55199845E+01
  0.18425473E+01 -0.54664811E+01
  0.18604091E+01 -0.54095614E+01
  0.18782709E+01 -0.53493688E+01
  0.18961326E+01 -0.52860595E+01
  0.19139944E+01 -0.52198092E+01
  0.19318562E+01 -0.51508246E+01
  0.19497180E+01 -0.50793581E+01
  0.19675798E+01 -0.50057246E+01
  0.19854416E+01 -0.49303197E+01
  0.20033034E+01 -0.48536390E+01
  0.20211652E+01 -0.47763007E+01
  0.20390270E+01 -0.46990714E+01
  0.20568888E+01 -0.46229001E+01
  0.20747506E+01 -0.45489568E+01
  0.20926124E+01 -0.44786681E+01
  0.21104742E+01 -0.44137151E+01
  0.21283360E+01 -0.43559219E+01
  0.21461978E+01 -0.43069465E+01
  0.21640596E+01 -0.42678162E+01
  0.21819214E+01 -0.42386228E+01
  0.21997832E+01 -0.42186973E+01
  0.22176450E+01 -0.42071149E+01
  0.22355068E+01 -0.42031238E+01
  0.22533686E+01 -0.42063309E+01
  
  0.00000000E+00 -0.39069338E+01
  0.17683355E-01 -0.39113297E+01
  0.35366710E-01 -0.39243916E+01
  0.53050065E-01 -0.39451541E+01
  0.70733420E-01 -0.39717420E+01
  0.88416775E-01 -0.40017415E+01
  0.10610013E+00 -0.40328071E+01
  0.12378348E+00 -0.40633018E+01
  0.14146684E+00 -0.40925805E+01
  0.15915019E+00 -0.41207688E+01
  0.17683355E+00 -0.41483372E+01
  0.19451690E+00 -0.41757979E+01
  0.21220026E+00 -0.42035923E+01
  0.22988361E+00 -0.42321074E+01
  0.24756697E+00 -0.42617883E+01
  0.26525032E+00 -0.42944310E+01
  0.28293368E+00 -0.43426474E+01
  0.30061703E+00 -0.44005998E+01
  0.31830039E+00 -0.44654023E+01
  0.33598374E+00 -0.45334171E+01
  0.35366710E+00 -0.46024084E+01
  0.37135045E+00 -0.46711612E+01
  0.38903381E+00 -0.47389786E+01
  0.40671716E+00 -0.48054311E+01
  0.42440052E+00 -0.48723121E+01
  0.44208387E+00 -0.49382615E+01
  0.45976723E+00 -0.50016540E+01
  0.47745058E+00 -0.50624408E+01
  0.49513394E+00 -0.51205799E+01
  0.51281729E+00 -0.51760209E+01
  0.53050065E+00 -0.52286920E+01
  0.54818400E+00 -0.52784896E+01
  0.56586736E+00 -0.53252698E+01
  0.58355071E+00 -0.53688451E+01
  0.60123407E+00 -0.54089858E+01
  0.61891742E+00 -0.54454304E+01
  0.63660078E+00 -0.54779060E+01
  0.65428413E+00 -0.55061637E+01
  0.67196749E+00 -0.55300255E+01
  0.68965084E+00 -0.55494375E+01
  0.70733420E+00 -0.55645144E+01
  0.72501755E+00 -0.55760048E+01
  0.74270091E+00 -0.55849511E+01
  0.76038426E+00 -0.55905553E+01
  0.77806762E+00 -0.55934453E+01
  0.79575097E+00 -0.55943025E+01
  0.81343433E+00 -0.55938009E+01
  0.83111768E+00 -0.55925567E+01
  0.84880104E+00 -0.55910911E+01
  0.86648439E+00 -0.55898059E+01
  0.88416775E+00 -0.55889668E+01
  0.90188960E+00 -0.55912569E+01
  0.91961145E+00 -0.55946484E+01
  0.93733331E+00 -0.55989652E+01
  0.95505516E+00 -0.56039395E+01
  0.97277701E+00 -0.56092309E+01
  0.99049887E+00 -0.56144505E+01
  0.10082207E+01 -0.56191872E+01
  0.10259426E+01 -0.56230350E+01
  0.10436644E+01 -0.56256207E+01
  0.10613863E+01 -0.56266290E+01
  0.10791081E+01 -0.56258245E+01
  0.10968300E+01 -0.56230693E+01
  0.11145518E+01 -0.56183339E+01
  0.11322737E+01 -0.56116965E+01
  0.11499955E+01 -0.56033304E+01
  0.11677174E+01 -0.55934783E+01
  0.11854393E+01 -0.55824232E+01
  0.12031611E+01 -0.55704586E+01
  0.12208830E+01 -0.55578621E+01
  0.12386048E+01 -0.55448633E+01
  0.12563267E+01 -0.55315933E+01
  0.12740485E+01 -0.55180149E+01
  0.12917704E+01 -0.55038779E+01
  0.13094922E+01 -0.54887682E+01
  0.13272141E+01 -0.54722699E+01
  0.13449359E+01 -0.54541815E+01
  0.13626578E+01 -0.54347062E+01
  0.13803796E+01 -0.54145699E+01
  0.13981015E+01 -0.53950131E+01
  0.14158233E+01 -0.53775485E+01
  0.14335452E+01 -0.53634437E+01
  0.14512671E+01 -0.53532436E+01
  0.14689889E+01 -0.53467561E+01
  0.14867108E+01 -0.53433985E+01
  0.15044326E+01 -0.53425115E+01
  0.15221545E+01 -0.53435078E+01
  0.15398763E+01 -0.53459112E+01
  0.15575982E+01 -0.53493529E+01
  0.15753200E+01 -0.53535584E+01
  0.15930419E+01 -0.53583354E+01
  0.16107637E+01 -0.53635720E+01
  0.16284856E+01 -0.53692538E+01
  0.16462074E+01 -0.53755062E+01
  0.16639293E+01 -0.53826048E+01
  0.16817911E+01 -0.53398400E+01
  0.16996529E+01 -0.52937007E+01
  0.17175147E+01 -0.52443954E+01
  0.17353765E+01 -0.51920897E+01
  0.17532383E+01 -0.51369066E+01
  0.17711001E+01 -0.50789312E+01
  0.17889619E+01 -0.50182205E+01
  0.18068237E+01 -0.49548157E+01
  0.18246855E+01 -0.48887595E+01
  0.18425473E+01 -0.48206254E+01
  0.18604091E+01 -0.47538583E+01
  0.18782709E+01 -0.46855931E+01
  0.18961326E+01 -0.46162380E+01
  0.19139944E+01 -0.45464601E+01
  0.19318562E+01 -0.44774077E+01
  0.19497180E+01 -0.44111762E+01
  0.19675798E+01 -0.43513073E+01
  0.19854416E+01 -0.43011480E+01
  0.20033034E+01 -0.42660729E+01
  0.20211652E+01 -0.42359091E+01
  0.20390270E+01 -0.42069966E+01
  0.20568888E+01 -0.41788582E+01
  0.20747506E+01 -0.41510982E+01
  0.20926124E+01 -0.41232709E+01
  0.21104742E+01 -0.40948548E+01
  0.21283360E+01 -0.40653558E+01
  0.21461978E+01 -0.40346093E+01
  0.21640596E+01 -0.40032240E+01
  0.21819214E+01 -0.39728362E+01
  0.21997832E+01 -0.39458386E+01
  0.22176450E+01 -0.39247181E+01
  0.22355068E+01 -0.39114169E+01
  0.22533686E+01 -0.39069338E+01
  
  0.00000000E+00 -0.39069338E+01
  0.17683355E-01 -0.39111508E+01
  0.35366710E-01 -0.39230392E+01
  0.53050065E-01 -0.39410658E+01
  0.70733420E-01 -0.39634683E+01
  0.88416775E-01 -0.39886079E+01
  0.10610013E+00 -0.40152329E+01
  0.12378348E+00 -0.40425854E+01
  0.14146684E+00 -0.40703447E+01
  0.15915019E+00 -0.40984891E+01
  0.17683355E+00 -0.41271656E+01
  0.19451690E+00 -0.41566193E+01
  0.21220026E+00 -0.41871987E+01
  0.22988361E+00 -0.42194646E+01
  0.24756697E+00 -0.42544870E+01
  0.26525032E+00 -0.42934435E+01
  0.28293368E+00 -0.43292230E+01
  0.30061703E+00 -0.43751833E+01
  0.31830039E+00 -0.44377992E+01
  0.33598374E+00 -0.45105421E+01
  0.35366710E+00 -0.45856571E+01
  0.37135045E+00 -0.46601995E+01
  0.38903381E+00 -0.47330975E+01
  0.40671716E+00 -0.48038809E+01
  0.42440052E+00 -0.48702394E+01
  0.44208387E+00 -0.49332138E+01
  0.45976723E+00 -0.49942182E+01
  0.47745058E+00 -0.50531464E+01
  0.49513394E+00 -0.51099034E+01
  0.51281729E+00 -0.51643918E+01
  0.53050065E+00 -0.52164995E+01
  0.54818400E+00 -0.52660907E+01
  0.56586736E+00 -0.53129985E+01
  0.58355071E+00 -0.53570212E+01
  0.60123407E+00 -0.53979216E+01
  0.61891742E+00 -0.54354329E+01
  0.63660078E+00 -0.54692708E+01
  0.65428413E+00 -0.54991565E+01
  0.67196749E+00 -0.55248524E+01
  0.68965084E+00 -0.55462072E+01
  0.70733420E+00 -0.55632052E+01
  0.72501755E+00 -0.55755596E+01
  0.74270091E+00 -0.55830503E+01
  0.76038426E+00 -0.55875932E+01
  0.77806762E+00 -0.55898628E+01
  0.79575097E+00 -0.55905408E+01
  0.81343433E+00 -0.55902648E+01
  0.83111768E+00 -0.55895897E+01
  0.84880104E+00 -0.55889608E+01
  0.86648439E+00 -0.55886946E+01
  0.88416775E+00 -0.55889668E+01
  0.90188960E+00 -0.55878485E+01
  0.91961145E+00 -0.55878597E+01
  0.93733331E+00 -0.55888457E+01
  0.95505516E+00 -0.55905473E+01
  0.97277701E+00 -0.55926145E+01
  0.99049887E+00 -0.55946271E+01
  0.10082207E+01 -0.55961209E+01
  0.10259426E+01 -0.55966212E+01
  0.10436644E+01 -0.55956843E+01
  0.10613863E+01 -0.55929461E+01
  0.10791081E+01 -0.55881702E+01
  0.10968300E+01 -0.55812846E+01
  0.11145518E+01 -0.55723977E+01
  0.11322737E+01 -0.55617856E+01
  0.11499955E+01 -0.55498539E+01
  0.11677174E+01 -0.55370777E+01
  0.11854393E+01 -0.55239232E+01
  0.12031611E+01 -0.55107529E+01
  0.12208830E+01 -0.54977289E+01
  0.12386048E+01 -0.54847500E+01
  0.12563267E+01 -0.54714744E+01
  0.12740485E+01 -0.54574529E+01
  0.12917704E+01 -0.54423181E+01
  0.13094922E+01 -0.54259220E+01
  0.13272141E+01 -0.54083634E+01
  0.13449359E+01 -0.53899438E+01
  0.13626578E+01 -0.53711124E+01
  0.13803796E+01 -0.53524204E+01
  0.13981015E+01 -0.53345073E+01
  0.14158233E+01 -0.53181864E+01
  0.14335452E+01 -0.53045942E+01
  0.14512671E+01 -0.52950106E+01
  0.14689889E+01 -0.52901739E+01
  0.14867108E+01 -0.52898486E+01
  0.15044326E+01 -0.52931372E+01
  0.15221545E+01 -0.52990164E+01
  0.15398763E+01 -0.53066266E+01
  0.15575982E+01 -0.53153300E+01
  0.15753200E+01 -0.53246734E+01
  0.15930419E+01 -0.53343323E+01
  0.16107637E+01 -0.53440568E+01
  0.16284856E+01 -0.53536142E+01
  0.16462074E+01 -0.53627180E+01
  0.16639293E+01 -0.53710003E+01
  0.16817911E+01 -0.53275120E+01
  0.16996529E+01 -0.52809871E+01
  0.17175147E+01 -0.52316603E+01
  0.17353765E+01 -0.51797293E+01
  0.17532383E+01 -0.51253542E+01
  0.17711001E+01 -0.50686615E+01
  0.17889619E+01 -0.50097518E+01
  0.18068237E+01 -0.49487115E+01
  0.18246855E+01 -0.48856305E+01
  0.18425473E+01 -0.48201145E+01
  0.18604091E+01 -0.47490029E+01
  0.18782709E+01 -0.46756382E+01
  0.18961326E+01 -0.46004504E+01
  0.19139944E+01 -0.45243858E+01
  0.19318562E+01 -0.44499669E+01
  0.19497180E+01 -0.43842512E+01
  0.19675798E+01 -0.43354710E+01
  0.19854416E+01 -0.42983979E+01
  0.20033034E+01 -0.42598202E+01
  0.20211652E+01 -0.42239177E+01
  0.20390270E+01 -0.41910258E+01
  0.20568888E+01 -0.41599487E+01
  0.20747506E+01 -0.41300714E+01
  0.20926124E+01 -0.41010199E+01
  0.21104742E+01 -0.40725339E+01
  0.21283360E+01 -0.40444525E+01
  0.21461978E+01 -0.40167833E+01
  0.21640596E+01 -0.39898347E+01
  0.21819214E+01 -0.39643620E+01
  0.21997832E+01 -0.39416311E+01
  0.22176450E+01 -0.39233151E+01
  0.22355068E+01 -0.39112217E+01
  0.22533686E+01 -0.39069338E+01
  
  0.00000000E+00 -0.36818293E+01
  0.17683355E-01 -0.36898609E+01
  0.35366710E-01 -0.37000119E+01
  0.53050065E-01 -0.37127647E+01
  0.70733420E-01 -0.37285801E+01
  0.88416775E-01 -0.37479152E+01
  0.10610013E+00 -0.37712609E+01
  0.12378348E+00 -0.37991529E+01
  0.14146684E+00 -0.38321358E+01
  0.15915019E+00 -0.38706736E+01
  0.17683355E+00 -0.39150162E+01
  0.19451690E+00 -0.39650520E+01
  0.21220026E+00 -0.40201816E+01
  0.22988361E+00 -0.40792102E+01
  0.24756697E+00 -0.41401531E+01
  0.26525032E+00 -0.41997943E+01
  0.28293368E+00 -0.42537256E+01
  0.30061703E+00 -0.43000126E+01
  0.31830039E+00 -0.43500025E+01
  0.33598374E+00 -0.43884698E+01
  0.35366710E+00 -0.44227841E+01
  0.37135045E+00 -0.44555695E+01
  0.38903381E+00 -0.44876300E+01
  0.40671716E+00 -0.45192108E+01
  0.42440052E+00 -0.45503593E+01
  0.44208387E+00 -0.45810429E+01
  0.45976723E+00 -0.46111949E+01
  0.47745058E+00 -0.46407349E+01
  0.49513394E+00 -0.46695797E+01
  0.51281729E+00 -0.46976491E+01
  0.53050065E+00 -0.47248694E+01
  0.54818400E+00 -0.47511749E+01
  0.56586736E+00 -0.47765086E+01
  0.58355071E+00 -0.48008217E+01
  0.60123407E+00 -0.48240723E+01
  0.61891742E+00 -0.48462238E+01
  0.63660078E+00 -0.48672428E+01
  0.65428413E+00 -0.48870973E+01
  0.67196749E+00 -0.49057537E+01
  0.68965084E+00 -0.49231759E+01
  0.70733420E+00 -0.49393233E+01
  0.72501755E+00 -0.49541498E+01
  0.74270091E+00 -0.49676042E+01
  0.76038426E+00 -0.49796306E+01
  0.77806762E+00 -0.49901701E+01
  0.79575097E+00 -0.49991635E+01
  0.81343433E+00 -0.50065546E+01
  0.83111768E+00 -0.50122937E+01
  0.84880104E+00 -0.50163414E+01
  0.86648439E+00 -0.50186716E+01
  0.88416775E+00 -0.50192738E+01
  0.90188960E+00 -0.50227343E+01
  0.91961145E+00 -0.50280558E+01
  0.93733331E+00 -0.50352248E+01
  0.95505516E+00 -0.50442046E+01
  0.97277701E+00 -0.50549253E+01
  0.99049887E+00 -0.50672758E+01
  0.10082207E+01 -0.50810970E+01
  0.10259426E+01 -0.50961794E+01
  0.10436644E+01 -0.51122616E+01
  0.10613863E+01 -0.51290310E+01
  0.10791081E+01 -0.51461249E+01
  0.10968300E+01 -0.51631325E+01
  0.11145518E+01 -0.51795976E+01
  0.11322737E+01 -0.51950255E+01
  0.11499955E+01 -0.52088962E+01
  0.11677174E+01 -0.52206935E+01
  0.11854393E+01 -0.52299554E+01
  0.12031611E+01 -0.52363539E+01
  0.12208830E+01 -0.52397897E+01
  0.12386048E+01 -0.52404575E+01
  0.12563267E+01 -0.52388069E+01
  0.12740485E+01 -0.52353586E+01
  0.12917704E+01 -0.52304669E+01
  0.13094922E+01 -0.52242055E+01
  0.13272141E+01 -0.52164323E+01
  0.13449359E+01 -0.52069161E+01
  0.13626578E+01 -0.51954282E+01
  0.13803796E+01 -0.51817944E+01
  0.13981015E+01 -0.51659336E+01
  0.14158233E+01 -0.51478121E+01
  0.14335452E+01 -0.51271914E+01
  0.14512671E+01 -0.51034336E+01
  0.14689889E+01 -0.50759828E+01
  0.14867108E+01 -0.50450808E+01
  0.15044326E+01 -0.50117682E+01
  0.15221545E+01 -0.49774280E+01
  0.15398763E+01 -0.49434518E+01
  0.15575982E+01 -0.49111217E+01
  0.15753200E+01 -0.48815946E+01
  0.15930419E+01 -0.48559080E+01
  0.16107637E+01 -0.48349799E+01
  0.16284856E+01 -0.48195964E+01
  0.16462074E+01 -0.48104127E+01
  0.16639293E+01 -0.48086832E+01
  0.16817911E+01 -0.47844352E+01
  0.16996529E+01 -0.47591374E+01
  0.17175147E+01 -0.47328397E+01
  0.17353765E+01 -0.47055994E+01
  0.17532383E+01 -0.46774818E+01
  0.17711001E+01 -0.46485600E+01
  0.17889619E+01 -0.46189141E+01
  0.18068237E+01 -0.45886278E+01
  0.18246855E+01 -0.45577834E+01
  0.18425473E+01 -0.45264526E+01
  0.18604091E+01 -0.44946779E+01
  0.18782709E+01 -0.44624335E+01
  0.18961326E+01 -0.44295252E+01
  0.19139944E+01 -0.43952910E+01
  0.19318562E+01 -0.43575491E+01
  0.19497180E+01 -0.43096569E+01
  0.19675798E+01 -0.42613168E+01
  0.19854416E+01 -0.42080171E+01
  0.20033034E+01 -0.41483831E+01
  0.20211652E+01 -0.40869044E+01
  0.20390270E+01 -0.40270434E+01
  0.20568888E+01 -0.39709326E+01
  0.20747506E+01 -0.39198608E+01
  0.20926124E+01 -0.38745051E+01
  0.21104742E+01 -0.38350429E+01
  0.21283360E+01 -0.38012691E+01
  0.21461978E+01 -0.37727398E+01
  0.21640596E+01 -0.37489071E+01
  0.21819214E+01 -0.37292167E+01
  0.21997832E+01 -0.37131517E+01
  0.22176450E+01 -0.37002271E+01
  0.22355068E+01 -0.36899554E+01
  0.22533686E+01 -0.36818293E+01
  
  0.00000000E+00 -0.36818293E+01
  0.17683355E-01 -0.36754602E+01
  0.35366710E-01 -0.36704293E+01
  0.53050065E-01 -0.36666389E+01
  0.70733420E-01 -0.36642590E+01
  0.88416775E-01 -0.36637693E+01
  0.10610013E+00 -0.36661211E+01
  0.12378348E+00 -0.36731908E+01
  0.14146684E+00 -0.36887072E+01
  0.15915019E+00 -0.37188184E+01
  0.17683355E+00 -0.37682118E+01
  0.19451690E+00 -0.38340286E+01
  0.21220026E+00 -0.39096633E+01
  0.22988361E+00 -0.39901819E+01
  0.24756697E+00 -0.40725299E+01
  0.26525032E+00 -0.41543435E+01
  0.28293368E+00 -0.42324404E+01
  0.30061703E+00 -0.42995042E+01
  0.31830039E+00 -0.43391564E+01
  0.33598374E+00 -0.43755888E+01
  0.35366710E+00 -0.44104270E+01
  0.37135045E+00 -0.44443816E+01
  0.38903381E+00 -0.44777333E+01
  0.40671716E+00 -0.45105674E+01
  0.42440052E+00 -0.45428758E+01
  0.44208387E+00 -0.45746052E+01
  0.45976723E+00 -0.46056807E+01
  0.47745058E+00 -0.46360198E+01
  0.49513394E+00 -0.46655404E+01
  0.51281729E+00 -0.46941660E+01
  0.53050065E+00 -0.47218286E+01
  0.54818400E+00 -0.47484704E+01
  0.56586736E+00 -0.47740437E+01
  0.58355071E+00 -0.47985105E+01
  0.60123407E+00 -0.48218411E+01
  0.61891742E+00 -0.48440118E+01
  0.63660078E+00 -0.48650033E+01
  0.65428413E+00 -0.48847977E+01
  0.67196749E+00 -0.49033767E+01
  0.68965084E+00 -0.49207196E+01
  0.70733420E+00 -0.49368014E+01
  0.72501755E+00 -0.49515919E+01
  0.74270091E+00 -0.49650552E+01
  0.76038426E+00 -0.49771492E+01
  0.77806762E+00 -0.49878269E+01
  0.79575097E+00 -0.49970371E+01
  0.81343433E+00 -0.50047262E+01
  0.83111768E+00 -0.50108410E+01
  0.84880104E+00 -0.50153313E+01
  0.86648439E+00 -0.50181535E+01
  0.88416775E+00 -0.50192738E+01
  0.90188960E+00 -0.50176728E+01
  0.91961145E+00 -0.50179196E+01
  0.93733331E+00 -0.50199916E+01
  0.95505516E+00 -0.50238504E+01
  0.97277701E+00 -0.50294332E+01
  0.99049887E+00 -0.50366443E+01
  0.10082207E+01 -0.50453473E+01
  0.10259426E+01 -0.50553622E+01
  0.10436644E+01 -0.50664653E+01
  0.10613863E+01 -0.50783926E+01
  0.10791081E+01 -0.50908464E+01
  0.10968300E+01 -0.51035025E+01
  0.11145518E+01 -0.51160184E+01
  0.11322737E+01 -0.51280406E+01
  0.11499955E+01 -0.51392084E+01
  0.11677174E+01 -0.51491547E+01
  0.11854393E+01 -0.51574998E+01
  0.12031611E+01 -0.51638416E+01
  0.12208830E+01 -0.51677491E+01
  0.12386048E+01 -0.51687856E+01
  0.12563267E+01 -0.51666001E+01
  0.12740485E+01 -0.51611077E+01
  0.12917704E+01 -0.51526753E+01
  0.13094922E+01 -0.51421595E+01
  0.13272141E+01 -0.51307321E+01
  0.13449359E+01 -0.51195486E+01
  0.13626578E+01 -0.51093216E+01
  0.13803796E+01 -0.50999020E+01
  0.13981015E+01 -0.50900981E+01
  0.14158233E+01 -0.50779603E+01
  0.14335452E+01 -0.50616140E+01
  0.14512671E+01 -0.50402811E+01
  0.14689889E+01 -0.50145711E+01
  0.14867108E+01 -0.49858651E+01
  0.15044326E+01 -0.49556742E+01
  0.15221545E+01 -0.49253912E+01
  0.15398763E+01 -0.48962684E+01
  0.15575982E+01 -0.48694457E+01
  0.15753200E+01 -0.48459701E+01
  0.15930419E+01 -0.48267932E+01
  0.16107637E+01 -0.48127499E+01
  0.16284856E+01 -0.48045236E+01
  0.16462074E+01 -0.48025855E+01
  0.16639293E+01 -0.48064060E+01
  0.16817911E+01 -0.47820385E+01
  0.16996529E+01 -0.47565367E+01
  0.17175147E+01 -0.47299387E+01
  0.17353765E+01 -0.47022913E+01
  0.17532383E+01 -0.46736510E+01
  0.17711001E+01 -0.46440839E+01
  0.17889619E+01 -0.46136648E+01
  0.18068237E+01 -0.45824747E+01
  0.18246855E+01 -0.45505964E+01
  0.18425473E+01 -0.45181070E+01
  0.18604091E+01 -0.44850654E+01
  0.18782709E+01 -0.44514902E+01
  0.18961326E+01 -0.44173165E+01
  0.19139944E+01 -0.43823043E+01
  0.19318562E+01 -0.43458283E+01
  0.19497180E+01 -0.43064180E+01
  0.19675798E+01 -0.42438345E+01
  0.19854416E+01 -0.41659355E+01
  0.20033034E+01 -0.40836608E+01
  0.20211652E+01 -0.40005702E+01
  0.20390270E+01 -0.39190571E+01
  0.20568888E+01 -0.38420472E+01
  0.20747506E+01 -0.37742611E+01
  0.20926124E+01 -0.37224040E+01
  0.21104742E+01 -0.36902217E+01
  0.21283360E+01 -0.36735627E+01
  0.21461978E+01 -0.36659956E+01
  0.21640596E+01 -0.36634706E+01
  0.21819214E+01 -0.36639428E+01
  0.21997832E+01 -0.36663782E+01
  0.22176450E+01 -0.36702527E+01
  0.22355068E+01 -0.36753727E+01
  0.22533686E+01 -0.36818293E+01
  
  0.00000000E+00 -0.31579350E+01
  0.17683355E-01 -0.31738446E+01
  0.35366710E-01 -0.31970195E+01
  0.53050065E-01 -0.32278662E+01
  0.70733420E-01 -0.32667401E+01
  0.88416775E-01 -0.33135409E+01
  0.10610013E+00 -0.33671188E+01
  0.12378348E+00 -0.34247091E+01
  0.14146684E+00 -0.34812877E+01
  0.15915019E+00 -0.35293701E+01
  0.17683355E+00 -0.35631125E+01
  0.19451690E+00 -0.35844815E+01
  0.21220026E+00 -0.35994840E+01
  0.22988361E+00 -0.36127823E+01
  0.24756697E+00 -0.36474356E+01
  0.26525032E+00 -0.36981779E+01
  0.28293368E+00 -0.37475828E+01
  0.30061703E+00 -0.37957395E+01
  0.31830039E+00 -0.38426511E+01
  0.33598374E+00 -0.38882510E+01
  0.35366710E+00 -0.39324288E+01
  0.37135045E+00 -0.39750559E+01
  0.38903381E+00 -0.40160059E+01
  0.40671716E+00 -0.40551697E+01
  0.42440052E+00 -0.40924645E+01
  0.44208387E+00 -0.41278412E+01
  0.45976723E+00 -0.41612870E+01
  0.47745058E+00 -0.41928275E+01
  0.49513394E+00 -0.42225261E+01
  0.51281729E+00 -0.42504807E+01
  0.53050065E+00 -0.42768184E+01
  0.54818400E+00 -0.43016874E+01
  0.56586736E+00 -0.43252469E+01
  0.58355071E+00 -0.43476551E+01
  0.60123407E+00 -0.43690575E+01
  0.61891742E+00 -0.43895753E+01
  0.63660078E+00 -0.44092965E+01
  0.65428413E+00 -0.44282692E+01
  0.67196749E+00 -0.44464981E+01
  0.68965084E+00 -0.44639438E+01
  0.70733420E+00 -0.44805249E+01
  0.72501755E+00 -0.44961217E+01
  0.74270091E+00 -0.45105822E+01
  0.76038426E+00 -0.45237296E+01
  0.77806762E+00 -0.45353704E+01
  0.79575097E+00 -0.45453046E+01
  0.81343433E+00 -0.45533365E+01
  0.83111768E+00 -0.45592860E+01
  0.84880104E+00 -0.45629996E+01
  0.86648439E+00 -0.45643607E+01
  0.88416775E+00 -0.45632976E+01
  0.90188960E+00 -0.45671930E+01
  0.91961145E+00 -0.45704819E+01
  0.93733331E+00 -0.45734299E+01
  0.95505516E+00 -0.45764155E+01
  0.97277701E+00 -0.45798948E+01
  0.99049887E+00 -0.45843500E+01
  0.10082207E+01 -0.45902255E+01
  0.10259426E+01 -0.45978653E+01
  0.10436644E+01 -0.46074693E+01
  0.10613863E+01 -0.46190802E+01
  0.10791081E+01 -0.46325996E+01
  0.10968300E+01 -0.46478214E+01
  0.11145518E+01 -0.46644710E+01
  0.11322737E+01 -0.46822390E+01
  0.11499955E+01 -0.47008088E+01
  0.11677174E+01 -0.47198730E+01
  0.11854393E+01 -0.47391379E+01
  0.12031611E+01 -0.47583095E+01
  0.12208830E+01 -0.47770645E+01
  0.12386048E+01 -0.47950147E+01
  0.12563267E+01 -0.48116787E+01
  0.12740485E+01 -0.48264575E+01
  0.12917704E+01 -0.48386055E+01
  0.13094922E+01 -0.48472078E+01
  0.13272141E+01 -0.48511992E+01
  0.13449359E+01 -0.48494906E+01
  0.13626578E+01 -0.48412333E+01
  0.13803796E+01 -0.48261226E+01
  0.13981015E+01 -0.48045212E+01
  0.14158233E+01 -0.47773020E+01
  0.14335452E+01 -0.47455626E+01
  0.14512671E+01 -0.47104030E+01
  0.14689889E+01 -0.46728294E+01
  0.14867108E+01 -0.46337471E+01
  0.15044326E+01 -0.45939929E+01
  0.15221545E+01 -0.45543741E+01
  0.15398763E+01 -0.45156971E+01
  0.15575982E+01 -0.44787867E+01
  0.15753200E+01 -0.44445085E+01
  0.15930419E+01 -0.44138107E+01
  0.16107637E+01 -0.43878162E+01
  0.16284856E+01 -0.43679876E+01
  0.16462074E+01 -0.43562925E+01
  0.16639293E+01 -0.43548824E+01
  0.16817911E+01 -0.43325464E+01
  0.16996529E+01 -0.43090711E+01
  0.17175147E+01 -0.42843043E+01
  0.17353765E+01 -0.42580904E+01
  0.17532383E+01 -0.42302818E+01
  0.17711001E+01 -0.42007495E+01
  0.17889619E+01 -0.41693918E+01
  0.18068237E+01 -0.41361396E+01
  0.18246855E+01 -0.41009592E+01
  0.18425473E+01 -0.40638526E+01
  0.18604091E+01 -0.40248552E+01
  0.18782709E+01 -0.39840321E+01
  0.18961326E+01 -0.39414728E+01
  0.19139944E+01 -0.38972828E+01
  0.19318562E+01 -0.38515731E+01
  0.19497180E+01 -0.38044443E+01
  0.19675798E+01 -0.37559663E+01
  0.19854416E+01 -0.37061558E+01
  0.20033034E+01 -0.36549590E+01
  0.20211652E+01 -0.36148011E+01
  0.20390270E+01 -0.36011690E+01
  0.20568888E+01 -0.35863544E+01
  0.20747506E+01 -0.35658397E+01
  0.20926124E+01 -0.35334640E+01
  0.21104742E+01 -0.34863342E+01
  0.21283360E+01 -0.34297375E+01
  0.21461978E+01 -0.33714514E+01
  0.21640596E+01 -0.33168757E+01
  0.21819214E+01 -0.32690363E+01
  0.21997832E+01 -0.32292540E+01
  0.22176450E+01 -0.31977131E+01
  0.22355068E+01 -0.31740783E+01
  0.22533686E+01 -0.31579350E+01
  
  0.00000000E+00 -0.31579350E+01
  0.17683355E-01 -0.31489504E+01
  0.35366710E-01 -0.31465708E+01
  0.53050065E-01 -0.31504611E+01
  0.70733420E-01 -0.31604262E+01
  0.88416775E-01 -0.31773183E+01
  0.10610013E+00 -0.32068768E+01
  0.12378348E+00 -0.32547918E+01
  0.14146684E+00 -0.33111463E+01
  0.15915019E+00 -0.33696743E+01
  0.17683355E+00 -0.34281657E+01
  0.19451690E+00 -0.34855346E+01
  0.21220026E+00 -0.35412556E+01
  0.22988361E+00 -0.35951902E+01
  0.24756697E+00 -0.36275284E+01
  0.26525032E+00 -0.36464313E+01
  0.28293368E+00 -0.36719684E+01
  0.30061703E+00 -0.37049424E+01
  0.31830039E+00 -0.37434935E+01
  0.33598374E+00 -0.37849682E+01
  0.35366710E+00 -0.38274782E+01
  0.37135045E+00 -0.38699132E+01
  0.38903381E+00 -0.39116194E+01
  0.40671716E+00 -0.39521939E+01
  0.42440052E+00 -0.39913832E+01
  0.44208387E+00 -0.40290326E+01
  0.45976723E+00 -0.40650612E+01
  0.47745058E+00 -0.40994471E+01
  0.49513394E+00 -0.41322182E+01
  0.51281729E+00 -0.41634437E+01
  0.53050065E+00 -0.41932255E+01
  0.54818400E+00 -0.42216882E+01
  0.56586736E+00 -0.42489676E+01
  0.58355071E+00 -0.42751988E+01
  0.60123407E+00 -0.43005051E+01
  0.61891742E+00 -0.43249878E+01
  0.63660078E+00 -0.43487193E+01
  0.65428413E+00 -0.43717374E+01
  0.67196749E+00 -0.43940431E+01
  0.68965084E+00 -0.44155988E+01
  0.70733420E+00 -0.44363290E+01
  0.72501755E+00 -0.44561218E+01
  0.74270091E+00 -0.44748321E+01
  0.76038426E+00 -0.44922872E+01
  0.77806762E+00 -0.45082942E+01
  0.79575097E+00 -0.45226499E+01
  0.81343433E+00 -0.45351522E+01
  0.83111768E+00 -0.45456122E+01
  0.84880104E+00 -0.45538668E+01
  0.86648439E+00 -0.45597892E+01
  0.88416775E+00 -0.45632976E+01
  0.90188960E+00 -0.45586665E+01
  0.91961145E+00 -0.45533309E+01
  0.93733331E+00 -0.45475198E+01
  0.95505516E+00 -0.45417264E+01
  0.97277701E+00 -0.45368054E+01
  0.99049887E+00 -0.45340429E+01
  0.10082207E+01 -0.45349847E+01
  0.10259426E+01 -0.45408008E+01
  0.10436644E+01 -0.45515981E+01
  0.10613863E+01 -0.45665217E+01
  0.10791081E+01 -0.45844171E+01
  0.10968300E+01 -0.46042674E+01
  0.11145518E+01 -0.46252814E+01
  0.11322737E+01 -0.46468420E+01
  0.11499955E+01 -0.46684385E+01
  0.11677174E+01 -0.46896164E+01
  0.11854393E+01 -0.47099475E+01
  0.12031611E+01 -0.47290200E+01
  0.12208830E+01 -0.47464434E+01
  0.12386048E+01 -0.47618535E+01
  0.12563267E+01 -0.47749030E+01
  0.12740485E+01 -0.47852408E+01
  0.12917704E+01 -0.47924920E+01
  0.13094922E+01 -0.47962499E+01
  0.13272141E+01 -0.47960824E+01
  0.13449359E+01 -0.47915584E+01
  0.13626578E+01 -0.47822902E+01
  0.13803796E+01 -0.47679902E+01
  0.13981015E+01 -0.47485282E+01
  0.14158233E+01 -0.47239733E+01
  0.14335452E+01 -0.46946115E+01
  0.14512671E+01 -0.46609360E+01
  0.14689889E+01 -0.46236168E+01
  0.14867108E+01 -0.45834590E+01
  0.15044326E+01 -0.45413611E+01
  0.15221545E+01 -0.44982895E+01
  0.15398763E+01 -0.44552814E+01
  0.15575982E+01 -0.44134857E+01
  0.15753200E+01 -0.43742569E+01
  0.15930419E+01 -0.43393164E+01
  0.16107637E+01 -0.43109217E+01
  0.16284856E+01 -0.42916331E+01
  0.16462074E+01 -0.42829061E+01
  0.16639293E+01 -0.42837186E+01
  0.16817911E+01 -0.42574177E+01
  0.16996529E+01 -0.42300801E+01
  0.17175147E+01 -0.42015841E+01
  0.17353765E+01 -0.41718036E+01
  0.17532383E+01 -0.41406191E+01
  0.17711001E+01 -0.41079284E+01
  0.17889619E+01 -0.40736570E+01
  0.18068237E+01 -0.40377665E+01
  0.18246855E+01 -0.40002635E+01
  0.18425473E+01 -0.39612088E+01
  0.18604091E+01 -0.39207316E+01
  0.18782709E+01 -0.38790531E+01
  0.18961326E+01 -0.38365323E+01
  0.19139944E+01 -0.37937582E+01
  0.19318562E+01 -0.37517352E+01
  0.19497180E+01 -0.37121971E+01
  0.19675798E+01 -0.36777328E+01
  0.19854416E+01 -0.36505495E+01
  0.20033034E+01 -0.36303490E+01
  0.20211652E+01 -0.36022532E+01
  0.20390270E+01 -0.35478950E+01
  0.20568888E+01 -0.34918041E+01
  0.20747506E+01 -0.34341073E+01
  0.20926124E+01 -0.33752865E+01
  0.21104742E+01 -0.33163599E+01
  0.21283360E+01 -0.32594100E+01
  0.21461978E+01 -0.32102522E+01
  0.21640596E+01 -0.31791059E+01
  0.21819214E+01 -0.31613949E+01
  0.21997832E+01 -0.31509322E+01
  0.22176450E+01 -0.31467118E+01
  0.22355068E+01 -0.31489266E+01
  0.22533686E+01 -0.31579350E+01
  
  0.00000000E+00 -0.29442711E+01
  0.17683355E-01 -0.29636016E+01
  0.35366710E-01 -0.29983290E+01
  0.53050065E-01 -0.30384278E+01
  0.70733420E-01 -0.30810473E+01
  0.88416775E-01 -0.31251693E+01
  0.10610013E+00 -0.31676181E+01
  0.12378348E+00 -0.32100566E+01
  0.14146684E+00 -0.32523420E+01
  0.15915019E+00 -0.32947035E+01
  0.17683355E+00 -0.33374052E+01
  0.19451690E+00 -0.33805306E+01
  0.21220026E+00 -0.34239375E+01
  0.22988361E+00 -0.34671869E+01
  0.24756697E+00 -0.35094000E+01
  0.26525032E+00 -0.35490855E+01
  0.28293368E+00 -0.35844455E+01
  0.30061703E+00 -0.36150157E+01
  0.31830039E+00 -0.36426988E+01
  0.33598374E+00 -0.36698975E+01
  0.35366710E+00 -0.36979856E+01
  0.37135045E+00 -0.37273803E+01
  0.38903381E+00 -0.37579757E+01
  0.40671716E+00 -0.37894471E+01
  0.42440052E+00 -0.38214156E+01
  0.44208387E+00 -0.38535245E+01
  0.45976723E+00 -0.38854683E+01
  0.47745058E+00 -0.39169994E+01
  0.49513394E+00 -0.39479238E+01
  0.51281729E+00 -0.39780951E+01
  0.53050065E+00 -0.40074070E+01
  0.54818400E+00 -0.40357859E+01
  0.56586736E+00 -0.40631841E+01
  0.58355071E+00 -0.40895720E+01
  0.60123407E+00 -0.41149295E+01
  0.61891742E+00 -0.41392384E+01
  0.63660078E+00 -0.41624738E+01
  0.65428413E+00 -0.41845976E+01
  0.67196749E+00 -0.42055549E+01
  0.68965084E+00 -0.42252728E+01
  0.70733420E+00 -0.42436634E+01
  0.72501755E+00 -0.42606288E+01
  0.74270091E+00 -0.42760683E+01
  0.76038426E+00 -0.42898842E+01
  0.77806762E+00 -0.43019885E+01
  0.79575097E+00 -0.43123056E+01
  0.81343433E+00 -0.43207746E+01
  0.83111768E+00 -0.43273491E+01
  0.84880104E+00 -0.43319960E+01
  0.86648439E+00 -0.43346944E+01
  0.88416775E+00 -0.43354338E+01
  0.90188960E+00 -0.43444034E+01
  0.91961145E+00 -0.43541678E+01
  0.93733331E+00 -0.43644773E+01
  0.95505516E+00 -0.43748008E+01
  0.97277701E+00 -0.43842277E+01
  0.99049887E+00 -0.43913995E+01
  0.10082207E+01 -0.43946813E+01
  0.10259426E+01 -0.43927966E+01
  0.10436644E+01 -0.43855116E+01
  0.10613863E+01 -0.43735304E+01
  0.10791081E+01 -0.43578276E+01
  0.10968300E+01 -0.43392066E+01
  0.11145518E+01 -0.43182078E+01
  0.11322737E+01 -0.42951586E+01
  0.11499955E+01 -0.42702404E+01
  0.11677174E+01 -0.42435440E+01
  0.11854393E+01 -0.42151113E+01
  0.12031611E+01 -0.41849715E+01
  0.12208830E+01 -0.41531729E+01
  0.12386048E+01 -0.41198142E+01
  0.12563267E+01 -0.40850803E+01
  0.12740485E+01 -0.40492842E+01
  0.12917704E+01 -0.40129353E+01
  0.13094922E+01 -0.39768784E+01
  0.13272141E+01 -0.39427254E+01
  0.13449359E+01 -0.39148300E+01
  0.13626578E+01 -0.39035723E+01
  0.13803796E+01 -0.39074529E+01
  0.13981015E+01 -0.39175380E+01
  0.14158233E+01 -0.39306671E+01
  0.14335452E+01 -0.39456178E+01
  0.14512671E+01 -0.39617405E+01
  0.14689889E+01 -0.39786321E+01
  0.14867108E+01 -0.39960170E+01
  0.15044326E+01 -0.40136830E+01
  0.15221545E+01 -0.40314322E+01
  0.15398763E+01 -0.40490274E+01
  0.15575982E+01 -0.40661132E+01
  0.15753200E+01 -0.40820873E+01
  0.15930419E+01 -0.40958899E+01
  0.16107637E+01 -0.41057585E+01
  0.16284856E+01 -0.41093630E+01
  0.16462074E+01 -0.41052603E+01
  0.16639293E+01 -0.40981335E+01
  0.16817911E+01 -0.40717883E+01
  0.16996529E+01 -0.40444090E+01
  0.17175147E+01 -0.40160253E+01
  0.17353765E+01 -0.39866812E+01
  0.17532383E+01 -0.39564437E+01
  0.17711001E+01 -0.39254111E+01
  0.17889619E+01 -0.38937205E+01
  0.18068237E+01 -0.38615563E+01
  0.18246855E+01 -0.38291573E+01
  0.18425473E+01 -0.37968221E+01
  0.18604091E+01 -0.37649049E+01
  0.18782709E+01 -0.37337915E+01
  0.18961326E+01 -0.37038324E+01
  0.19139944E+01 -0.36751945E+01
  0.19318562E+01 -0.36475822E+01
  0.19497180E+01 -0.36198112E+01
  0.19675798E+01 -0.35895925E+01
  0.19854416E+01 -0.35547318E+01
  0.20033034E+01 -0.35152508E+01
  0.20211652E+01 -0.34728789E+01
  0.20390270E+01 -0.34292423E+01
  0.20568888E+01 -0.33853444E+01
  0.20747506E+01 -0.33417060E+01
  0.20926124E+01 -0.32985195E+01
  0.21104742E+01 -0.32557306E+01
  0.21283360E+01 -0.32130865E+01
  0.21461978E+01 -0.31703303E+01
  0.21640596E+01 -0.31279429E+01
  0.21819214E+01 -0.30831281E+01
  0.21997832E+01 -0.30400284E+01
  0.22176450E+01 -0.29993627E+01
  0.22355068E+01 -0.29640347E+01
  0.22533686E+01 -0.29442711E+01
  
  0.00000000E+00 -0.29442711E+01
  0.17683355E-01 -0.29602886E+01
  0.35366710E-01 -0.29931157E+01
  0.53050065E-01 -0.30329736E+01
  0.70733420E-01 -0.30778070E+01
  0.88416775E-01 -0.31244059E+01
  0.10610013E+00 -0.31674900E+01
  0.12378348E+00 -0.31976447E+01
  0.14146684E+00 -0.32233585E+01
  0.15915019E+00 -0.32493869E+01
  0.17683355E+00 -0.32766269E+01
  0.19451690E+00 -0.33052971E+01
  0.21220026E+00 -0.33355308E+01
  0.22988361E+00 -0.33674546E+01
  0.24756697E+00 -0.34011413E+01
  0.26525032E+00 -0.34365463E+01
  0.28293368E+00 -0.34734809E+01
  0.30061703E+00 -0.35116408E+01
  0.31830039E+00 -0.35506639E+01
  0.33598374E+00 -0.35901865E+01
  0.35366710E+00 -0.36298780E+01
  0.37135045E+00 -0.36694538E+01
  0.38903381E+00 -0.37086760E+01
  0.40671716E+00 -0.37473472E+01
  0.42440052E+00 -0.37853048E+01
  0.44208387E+00 -0.38224148E+01
  0.45976723E+00 -0.38585680E+01
  0.47745058E+00 -0.38936767E+01
  0.49513394E+00 -0.39276726E+01
  0.51281729E+00 -0.39605047E+01
  0.53050065E+00 -0.39921371E+01
  0.54818400E+00 -0.40225468E+01
  0.56586736E+00 -0.40517208E+01
  0.58355071E+00 -0.40796531E+01
  0.60123407E+00 -0.41063405E+01
  0.61891742E+00 -0.41317786E+01
  0.63660078E+00 -0.41559578E+01
  0.65428413E+00 -0.41788589E+01
  0.67196749E+00 -0.42004509E+01
  0.68965084E+00 -0.42206895E+01
  0.70733420E+00 -0.42395180E+01
  0.72501755E+00 -0.42568691E+01
  0.74270091E+00 -0.42726696E+01
  0.76038426E+00 -0.42868441E+01
  0.77806762E+00 -0.42993197E+01
  0.79575097E+00 -0.43100299E+01
  0.81343433E+00 -0.43189167E+01
  0.83111768E+00 -0.43259325E+01
  0.84880104E+00 -0.43310403E+01
  0.86648439E+00 -0.43342131E+01
  0.88416775E+00 -0.43354338E+01
  0.90188960E+00 -0.43272948E+01
  0.91961145E+00 -0.43198498E+01
  0.93733331E+00 -0.43128186E+01
  0.95505516E+00 -0.43058060E+01
  0.97277701E+00 -0.42983405E+01
  0.99049887E+00 -0.42899262E+01
  0.10082207E+01 -0.42801027E+01
  0.10259426E+01 -0.42685019E+01
  0.10436644E+01 -0.42548842E+01
  0.10613863E+01 -0.42391445E+01
  0.10791081E+01 -0.42212917E+01
  0.10968300E+01 -0.42014132E+01
  0.11145518E+01 -0.41796395E+01
  0.11322737E+01 -0.41561185E+01
  0.11499955E+01 -0.41310034E+01
  0.11677174E+01 -0.41044570E+01
  0.11854393E+01 -0.40766711E+01
  0.12031611E+01 -0.40479040E+01
  0.12208830E+01 -0.40185399E+01
  0.12386048E+01 -0.39891732E+01
  0.12563267E+01 -0.39607184E+01
  0.12740485E+01 -0.39345079E+01
  0.12917704E+01 -0.39122469E+01
  0.13094922E+01 -0.38955599E+01
  0.13272141E+01 -0.38848681E+01
  0.13449359E+01 -0.38769251E+01
  0.13626578E+01 -0.38618546E+01
  0.13803796E+01 -0.38417343E+01
  0.13981015E+01 -0.38262359E+01
  0.14158233E+01 -0.38186822E+01
  0.14335452E+01 -0.38191879E+01
  0.14512671E+01 -0.38263292E+01
  0.14689889E+01 -0.38383543E+01
  0.14867108E+01 -0.38538468E+01
  0.15044326E+01 -0.38718570E+01
  0.15221545E+01 -0.38918122E+01
  0.15398763E+01 -0.39133948E+01
  0.15575982E+01 -0.39364411E+01
  0.15753200E+01 -0.39608573E+01
  0.15930419E+01 -0.39865387E+01
  0.16107637E+01 -0.40132703E+01
  0.16284856E+01 -0.40405788E+01
  0.16462074E+01 -0.40674423E+01
  0.16639293E+01 -0.40886809E+01
  0.16817911E+01 -0.40608364E+01
  0.16996529E+01 -0.40317249E+01
  0.17175147E+01 -0.40013562E+01
  0.17353765E+01 -0.39697452E+01
  0.17532383E+01 -0.39369149E+01
  0.17711001E+01 -0.39028990E+01
  0.17889619E+01 -0.38677450E+01
  0.18068237E+01 -0.38315166E+01
  0.18246855E+01 -0.37942963E+01
  0.18425473E+01 -0.37561876E+01
  0.18604091E+01 -0.37173190E+01
  0.18782709E+01 -0.36778472E+01
  0.18961326E+01 -0.36379632E+01
  0.19139944E+01 -0.35978985E+01
  0.19318562E+01 -0.35579322E+01
  0.19497180E+01 -0.35183931E+01
  0.19675798E+01 -0.34796516E+01
  0.19854416E+01 -0.34420892E+01
  0.20033034E+01 -0.34060450E+01
  0.20211652E+01 -0.33717489E+01
  0.20390270E+01 -0.33392801E+01
  0.20568888E+01 -0.33085785E+01
  0.20747506E+01 -0.32795071E+01
  0.20926124E+01 -0.32519087E+01
  0.21104742E+01 -0.32255496E+01
  0.21283360E+01 -0.31995926E+01
  0.21461978E+01 -0.31697174E+01
  0.21640596E+01 -0.31267655E+01
  0.21819214E+01 -0.30801609E+01
  0.21997832E+01 -0.30347056E+01
  0.22176450E+01 -0.29941728E+01
  0.22355068E+01 -0.29607080E+01
  0.22533686E+01 -0.29442711E+01
  
  0.00000000E+00 -0.29026492E+01
  0.17683355E-01 -0.28907493E+01
  0.35366710E-01 -0.28737973E+01
  0.53050065E-01 -0.28614275E+01
  0.70733420E-01 -0.28567090E+01
  0.88416775E-01 -0.28622406E+01
  0.10610013E+00 -0.28791170E+01
  0.12378348E+00 -0.29058699E+01
  0.14146684E+00 -0.29398065E+01
  0.15915019E+00 -0.29784776E+01
  0.17683355E+00 -0.30199895E+01
  0.19451690E+00 -0.30628565E+01
  0.21220026E+00 -0.31058481E+01
  0.22988361E+00 -0.31479010E+01
  0.24756697E+00 -0.31880758E+01
  0.26525032E+00 -0.32255450E+01
  0.28293368E+00 -0.32596084E+01
  0.30061703E+00 -0.32897389E+01
  0.31830039E+00 -0.33156457E+01
  0.33598374E+00 -0.33373215E+01
  0.35366710E+00 -0.33550330E+01
  0.37135045E+00 -0.33692463E+01
  0.38903381E+00 -0.33805183E+01
  0.40671716E+00 -0.33893999E+01
  0.42440052E+00 -0.33963756E+01
  0.44208387E+00 -0.34018394E+01
  0.45976723E+00 -0.34060939E+01
  0.47745058E+00 -0.34093618E+01
  0.49513394E+00 -0.34118007E+01
  0.51281729E+00 -0.34135181E+01
  0.53050065E+00 -0.34145844E+01
  0.54818400E+00 -0.34150450E+01
  0.56586736E+00 -0.34149290E+01
  0.58355071E+00 -0.34142580E+01
  0.60123407E+00 -0.34130524E+01
  0.61891742E+00 -0.34113365E+01
  0.63660078E+00 -0.34091426E+01
  0.65428413E+00 -0.34065128E+01
  0.67196749E+00 -0.34034994E+01
  0.68965084E+00 -0.34001644E+01
  0.70733420E+00 -0.33965770E+01
  0.72501755E+00 -0.33928105E+01
  0.74270091E+00 -0.33889391E+01
  0.76038426E+00 -0.33850345E+01
  0.77806762E+00 -0.33811629E+01
  0.79575097E+00 -0.33773832E+01
  0.81343433E+00 -0.33737455E+01
  0.83111768E+00 -0.33702907E+01
  0.84880104E+00 -0.33670508E+01
  0.86648439E+00 -0.33640487E+01
  0.88416775E+00 -0.33612994E+01
  0.90188960E+00 -0.33701572E+01
  0.91961145E+00 -0.33798427E+01
  0.93733331E+00 -0.33902965E+01
  0.95505516E+00 -0.34014622E+01
  0.97277701E+00 -0.34132866E+01
  0.99049887E+00 -0.34257183E+01
  0.10082207E+01 -0.34387053E+01
  0.10259426E+01 -0.34521936E+01
  0.10436644E+01 -0.34661250E+01
  0.10613863E+01 -0.34804353E+01
  0.10791081E+01 -0.34950529E+01
  0.10968300E+01 -0.35098978E+01
  0.11145518E+01 -0.35248794E+01
  0.11322737E+01 -0.35398926E+01
  0.11499955E+01 -0.35548118E+01
  0.11677174E+01 -0.35694790E+01
  0.11854393E+01 -0.35836855E+01
  0.12031611E+01 -0.35971409E+01
  0.12208830E+01 -0.36094261E+01
  0.12386048E+01 -0.36199231E+01
  0.12563267E+01 -0.36277245E+01
  0.12740485E+01 -0.36315626E+01
  0.12917704E+01 -0.36298984E+01
  0.13094922E+01 -0.36214677E+01
  0.13272141E+01 -0.36065973E+01
  0.13449359E+01 -0.35895192E+01
  0.13626578E+01 -0.35788282E+01
  0.13803796E+01 -0.35748577E+01
  0.13981015E+01 -0.35698748E+01
  0.14158233E+01 -0.35600614E+01
  0.14335452E+01 -0.35453933E+01
  0.14512671E+01 -0.35276869E+01
  0.14689889E+01 -0.35090925E+01
  0.14867108E+01 -0.34912861E+01
  0.15044326E+01 -0.34752784E+01
  0.15221545E+01 -0.34615072E+01
  0.15398763E+01 -0.34500037E+01
  0.15575982E+01 -0.34405548E+01
  0.15753200E+01 -0.34328412E+01
  0.15930419E+01 -0.34265497E+01
  0.16107637E+01 -0.34214661E+01
  0.16284856E+01 -0.34175461E+01
  0.16462074E+01 -0.34149390E+01
  0.16639293E+01 -0.34139166E+01
  0.16817911E+01 -0.34146955E+01
  0.16996529E+01 -0.34149110E+01
  0.17175147E+01 -0.34145534E+01
  0.17353765E+01 -0.34136066E+01
  0.17532383E+01 -0.34120384E+01
  0.17711001E+01 -0.34097891E+01
  0.17889619E+01 -0.34067594E+01
  0.18068237E+01 -0.34027961E+01
  0.18246855E+01 -0.33976786E+01
  0.18425473E+01 -0.33911043E+01
  0.18604091E+01 -0.33826778E+01
  0.18782709E+01 -0.33719106E+01
  0.18961326E+01 -0.33582427E+01
  0.19139944E+01 -0.33410980E+01
  0.19318562E+01 -0.33199781E+01
  0.19497180E+01 -0.32945730E+01
  0.19675798E+01 -0.32648441E+01
  0.19854416E+01 -0.32310427E+01
  0.20033034E+01 -0.31936687E+01
  0.20211652E+01 -0.31534075E+01
  0.20390270E+01 -0.31110833E+01
  0.20568888E+01 -0.30676431E+01
  0.20747506E+01 -0.30241681E+01
  0.20926124E+01 -0.29819154E+01
  0.21104742E+01 -0.29424025E+01
  0.21283360E+01 -0.29075593E+01
  0.21461978E+01 -0.28798924E+01
  0.21640596E+01 -0.28622177E+01
  0.21819214E+01 -0.28561764E+01
  0.21997832E+01 -0.28607304E+01
  0.22176450E+01 -0.28732013E+01
  0.22355068E+01 -0.28904446E+01
  0.22533686E+01 -0.29026492E+01
  
  0.00000000E+00 -0.29026492E+01
  0.17683355E-01 -0.28901158E+01
  0.35366710E-01 -0.28722238E+01
  0.53050065E-01 -0.28593150E+01
  0.70733420E-01 -0.28540917E+01
  0.88416775E-01 -0.28586089E+01
  0.10610013E+00 -0.28736930E+01
  0.12378348E+00 -0.28979256E+01
  0.14146684E+00 -0.29286442E+01
  0.15915019E+00 -0.29632979E+01
  0.17683355E+00 -0.29998224E+01
  0.19451690E+00 -0.30365533E+01
  0.21220026E+00 -0.30721275E+01
  0.22988361E+00 -0.31054657E+01
  0.24756697E+00 -0.31358072E+01
  0.26525032E+00 -0.31627437E+01
  0.28293368E+00 -0.31862052E+01
  0.30061703E+00 -0.32063865E+01
  0.31830039E+00 -0.32236430E+01
  0.33598374E+00 -0.32383944E+01
  0.35366710E+00 -0.32510584E+01
  0.37135045E+00 -0.32620134E+01
  0.38903381E+00 -0.32715837E+01
  0.40671716E+00 -0.32800370E+01
  0.42440052E+00 -0.32875872E+01
  0.44208387E+00 -0.32944004E+01
  0.45976723E+00 -0.33006018E+01
  0.47745058E+00 -0.33062819E+01
  0.49513394E+00 -0.33115028E+01
  0.51281729E+00 -0.33163042E+01
  0.53050065E+00 -0.33207090E+01
  0.54818400E+00 -0.33247287E+01
  0.56586736E+00 -0.33283685E+01
  0.58355071E+00 -0.33316316E+01
  0.60123407E+00 -0.33345238E+01
  0.61891742E+00 -0.33370567E+01
  0.63660078E+00 -0.33392503E+01
  0.65428413E+00 -0.33411350E+01
  0.67196749E+00 -0.33427512E+01
  0.68965084E+00 -0.33441491E+01
  0.70733420E+00 -0.33453864E+01
  0.72501755E+00 -0.33465253E+01
  0.74270091E+00 -0.33476298E+01
  0.76038426E+00 -0.33487618E+01
  0.77806762E+00 -0.33499788E+01
  0.79575097E+00 -0.33513313E+01
  0.81343433E+00 -0.33528617E+01
  0.83111768E+00 -0.33546034E+01
  0.84880104E+00 -0.33565809E+01
  0.86648439E+00 -0.33588102E+01
  0.88416775E+00 -0.33612994E+01
  0.90188960E+00 -0.33533314E+01
  0.91961145E+00 -0.33463164E+01
  0.93733331E+00 -0.33403164E+01
  0.95505516E+00 -0.33353896E+01
  0.97277701E+00 -0.33315893E+01
  0.99049887E+00 -0.33289624E+01
  0.10082207E+01 -0.33275505E+01
  0.10259426E+01 -0.33273922E+01
  0.10436644E+01 -0.33285261E+01
  0.10613863E+01 -0.33309950E+01
  0.10791081E+01 -0.33348489E+01
  0.10968300E+01 -0.33401466E+01
  0.11145518E+01 -0.33469518E+01
  0.11322737E+01 -0.33553250E+01
  0.11499955E+01 -0.33653094E+01
  0.11677174E+01 -0.33769119E+01
  0.11854393E+01 -0.33900850E+01
  0.12031611E+01 -0.34047116E+01
  0.12208830E+01 -0.34205968E+01
  0.12386048E+01 -0.34374632E+01
  0.12563267E+01 -0.34549451E+01
  0.12740485E+01 -0.34725643E+01
  0.12917704E+01 -0.34896616E+01
  0.13094922E+01 -0.35052027E+01
  0.13272141E+01 -0.35171864E+01
  0.13449359E+01 -0.35208578E+01
  0.13626578E+01 -0.35079707E+01
  0.13803796E+01 -0.34787934E+01
  0.13981015E+01 -0.34419183E+01
  0.14158233E+01 -0.34031372E+01
  0.14335452E+01 -0.33663634E+01
  0.14512671E+01 -0.33351024E+01
  0.14689889E+01 -0.33121194E+01
  0.14867108E+01 -0.32982212E+01
  0.15044326E+01 -0.32920819E+01
  0.15221545E+01 -0.32915395E+01
  0.15398763E+01 -0.32946859E+01
  0.15575982E+01 -0.33001190E+01
  0.15753200E+01 -0.33068127E+01
  0.15930419E+01 -0.33139478E+01
  0.16107637E+01 -0.33207905E+01
  0.16284856E+01 -0.33266266E+01
  0.16462074E+01 -0.33307638E+01
  0.16639293E+01 -0.33326373E+01
  0.16817911E+01 -0.33294328E+01
  0.16996529E+01 -0.33258435E+01
  0.17175147E+01 -0.33218722E+01
  0.17353765E+01 -0.33175202E+01
  0.17532383E+01 -0.33127818E+01
  0.17711001E+01 -0.33076377E+01
  0.17889619E+01 -0.33020500E+01
  0.18068237E+01 -0.32959564E+01
  0.18246855E+01 -0.32892653E+01
  0.18425473E+01 -0.32818508E+01
  0.18604091E+01 -0.32735480E+01
  0.18782709E+01 -0.32641468E+01
  0.18961326E+01 -0.32533871E+01
  0.19139944E+01 -0.32409537E+01
  0.19318562E+01 -0.32264761E+01
  0.19497180E+01 -0.32095379E+01
  0.19675798E+01 -0.31897066E+01
  0.19854416E+01 -0.31665931E+01
  0.20033034E+01 -0.31399463E+01
  0.20211652E+01 -0.31097673E+01
  0.20390270E+01 -0.30764028E+01
  0.20568888E+01 -0.30405799E+01
  0.20747506E+01 -0.30033820E+01
  0.20926124E+01 -0.29662085E+01
  0.21104742E+01 -0.29307810E+01
  0.21283360E+01 -0.28992304E+01
  0.21461978E+01 -0.28741878E+01
  0.21640596E+01 -0.28584295E+01
  0.21819214E+01 -0.28534966E+01
  0.21997832E+01 -0.28585940E+01
  0.22176450E+01 -0.28716101E+01
  0.22355068E+01 -0.28897948E+01
  0.22533686E+01 -0.29026492E+01
  
  0.00000000E+00 -0.26845099E+01
  0.17683355E-01 -0.26867304E+01
  0.35366710E-01 -0.26929465E+01
  0.53050065E-01 -0.27019070E+01
  0.70733420E-01 -0.27113317E+01
  0.88416775E-01 -0.27184242E+01
  0.10610013E+00 -0.27212847E+01
  0.12378348E+00 -0.27201959E+01
  0.14146684E+00 -0.27166603E+01
  0.15915019E+00 -0.27120576E+01
  0.17683355E+00 -0.27072796E+01
  0.19451690E+00 -0.27028420E+01
  0.21220026E+00 -0.26990327E+01
  0.22988361E+00 -0.26960072E+01
  0.24756697E+00 -0.26938422E+01
  0.26525032E+00 -0.26925660E+01
  0.28293368E+00 -0.26921759E+01
  0.30061703E+00 -0.26926490E+01
  0.31830039E+00 -0.26939488E+01
  0.33598374E+00 -0.26960299E+01
  0.35366710E+00 -0.26988410E+01
  0.37135045E+00 -0.27023273E+01
  0.38903381E+00 -0.27064318E+01
  0.40671716E+00 -0.27110968E+01
  0.42440052E+00 -0.27162642E+01
  0.44208387E+00 -0.27218759E+01
  0.45976723E+00 -0.27278742E+01
  0.47745058E+00 -0.27342007E+01
  0.49513394E+00 -0.27407967E+01
  0.51281729E+00 -0.27476021E+01
  0.53050065E+00 -0.27545555E+01
  0.54818400E+00 -0.27615932E+01
  0.56586736E+00 -0.27686499E+01
  0.58355071E+00 -0.27756587E+01
  0.60123407E+00 -0.27825518E+01
  0.61891742E+00 -0.27892617E+01
  0.63660078E+00 -0.27957229E+01
  0.65428413E+00 -0.28018733E+01
  0.67196749E+00 -0.28076562E+01
  0.68965084E+00 -0.28130218E+01
  0.70733420E+00 -0.28179289E+01
  0.72501755E+00 -0.28223457E+01
  0.74270091E+00 -0.28262499E+01
  0.76038426E+00 -0.28296289E+01
  0.77806762E+00 -0.28324787E+01
  0.79575097E+00 -0.28348022E+01
  0.81343433E+00 -0.28366075E+01
  0.83111768E+00 -0.28379054E+01
  0.84880104E+00 -0.28387078E+01
  0.86648439E+00 -0.28390252E+01
  0.88416775E+00 -0.28388658E+01
  0.90188960E+00 -0.28458180E+01
  0.91961145E+00 -0.28546398E+01
  0.93733331E+00 -0.28652284E+01
  0.95505516E+00 -0.28774493E+01
  0.97277701E+00 -0.28911391E+01
  0.99049887E+00 -0.29061085E+01
  0.10082207E+01 -0.29221450E+01
  0.10259426E+01 -0.29390145E+01
  0.10436644E+01 -0.29564628E+01
  0.10613863E+01 -0.29742175E+01
  0.10791081E+01 -0.29919904E+01
  0.10968300E+01 -0.30094827E+01
  0.11145518E+01 -0.30263940E+01
  0.11322737E+01 -0.30424352E+01
  0.11499955E+01 -0.30573464E+01
  0.11677174E+01 -0.30709164E+01
  0.11854393E+01 -0.30830008E+01
  0.12031611E+01 -0.30935322E+01
  0.12208830E+01 -0.31025209E+01
  0.12386048E+01 -0.31100449E+01
  0.12563267E+01 -0.31162328E+01
  0.12740485E+01 -0.31212443E+01
  0.12917704E+01 -0.31252499E+01
  0.13094922E+01 -0.31284130E+01
  0.13272141E+01 -0.31308678E+01
  0.13449359E+01 -0.31326890E+01
  0.13626578E+01 -0.31338420E+01
  0.13803796E+01 -0.31341047E+01
  0.13981015E+01 -0.31329469E+01
  0.14158233E+01 -0.31293659E+01
  0.14335452E+01 -0.31217307E+01
  0.14512671E+01 -0.31078978E+01
  0.14689889E+01 -0.30860963E+01
  0.14867108E+01 -0.30563465E+01
  0.15044326E+01 -0.30207153E+01
  0.15221545E+01 -0.29820502E+01
  0.15398763E+01 -0.29428931E+01
  0.15575982E+01 -0.29052160E+01
  0.15753200E+01 -0.28705275E+01
  0.15930419E+01 -0.28400106E+01
  0.16107637E+01 -0.28146137E+01
  0.16284856E+01 -0.27951144E+01
  0.16462074E+01 -0.27822917E+01
  0.16639293E+01 -0.27779729E+01
  0.16817911E+01 -0.27709511E+01
  0.16996529E+01 -0.27638478E+01
  0.17175147E+01 -0.27567319E+01
  0.17353765E+01 -0.27496723E+01
  0.17532383E+01 -0.27427374E+01
  0.17711001E+01 -0.27359945E+01
  0.17889619E+01 -0.27295098E+01
  0.18068237E+01 -0.27233478E+01
  0.18246855E+01 -0.27175718E+01
  0.18425473E+01 -0.27122436E+01
  0.18604091E+01 -0.27074238E+01
  0.18782709E+01 -0.27031714E+01
  0.18961326E+01 -0.26995438E+01
  0.19139944E+01 -0.26965964E+01
  0.19318562E+01 -0.26943818E+01
  0.19497180E+01 -0.26929493E+01
  0.19675798E+01 -0.26923425E+01
  0.19854416E+01 -0.26925977E+01
  0.20033034E+01 -0.26937393E+01
  0.20211652E+01 -0.26957737E+01
  0.20390270E+01 -0.26986788E+01
  0.20568888E+01 -0.27023868E+01
  0.20747506E+01 -0.27067535E+01
  0.20926124E+01 -0.27115047E+01
  0.21104742E+01 -0.27161398E+01
  0.21283360E+01 -0.27197796E+01
  0.21461978E+01 -0.27210383E+01
  0.21640596E+01 -0.27183680E+01
  0.21819214E+01 -0.27115315E+01
  0.21997832E+01 -0.27022118E+01
  0.22176450E+01 -0.26931396E+01
  0.22355068E+01 -0.26867948E+01
  0.22533686E+01 -0.26845099E+01
  
  0.00000000E+00 -0.26845099E+01
  0.17683355E-01 -0.26867050E+01
  0.35366710E-01 -0.26929424E+01
  0.53050065E-01 -0.27018936E+01
  0.70733420E-01 -0.27111549E+01
  0.88416775E-01 -0.27176024E+01
  0.10610013E+00 -0.27193744E+01
  0.12378348E+00 -0.27170389E+01
  0.14146684E+00 -0.27123301E+01
  0.15915019E+00 -0.27067100E+01
  0.17683355E+00 -0.27010766E+01
  0.19451690E+00 -0.26959280E+01
  0.21220026E+00 -0.26915303E+01
  0.22988361E+00 -0.26880189E+01
  0.24756697E+00 -0.26854540E+01
  0.26525032E+00 -0.26838509E+01
  0.28293368E+00 -0.26831968E+01
  0.30061703E+00 -0.26834611E+01
  0.31830039E+00 -0.26846005E+01
  0.33598374E+00 -0.26865640E+01
  0.35366710E+00 -0.26892946E+01
  0.37135045E+00 -0.26927318E+01
  0.38903381E+00 -0.26968132E+01
  0.40671716E+00 -0.27014756E+01
  0.42440052E+00 -0.27066559E+01
  0.44208387E+00 -0.27122918E+01
  0.45976723E+00 -0.27183222E+01
  0.47745058E+00 -0.27246870E+01
  0.49513394E+00 -0.27313271E+01
  0.51281729E+00 -0.27381840E+01
  0.53050065E+00 -0.27451990E+01
  0.54818400E+00 -0.27523130E+01
  0.56586736E+00 -0.27594664E+01
  0.58355071E+00 -0.27665985E+01
  0.60123407E+00 -0.27736485E+01
  0.61891742E+00 -0.27805556E+01
  0.63660078E+00 -0.27872604E+01
  0.65428413E+00 -0.27937060E+01
  0.67196749E+00 -0.27998395E+01
  0.68965084E+00 -0.28056134E+01
  0.70733420E+00 -0.28109868E+01
  0.72501755E+00 -0.28159263E+01
  0.74270091E+00 -0.28204068E+01
  0.76038426E+00 -0.28244109E+01
  0.77806762E+00 -0.28279288E+01
  0.79575097E+00 -0.28309572E+01
  0.81343433E+00 -0.28334972E+01
  0.83111768E+00 -0.28355532E+01
  0.84880104E+00 -0.28371305E+01
  0.86648439E+00 -0.28382339E+01
  0.88416775E+00 -0.28388658E+01
  0.90188960E+00 -0.28338510E+01
  0.91961145E+00 -0.28308048E+01
  0.93733331E+00 -0.28297207E+01
  0.95505516E+00 -0.28305552E+01
  0.97277701E+00 -0.28332301E+01
  0.99049887E+00 -0.28376359E+01
  0.10082207E+01 -0.28436358E+01
  0.10259426E+01 -0.28510706E+01
  0.10436644E+01 -0.28597637E+01
  0.10613863E+01 -0.28695263E+01
  0.10791081E+01 -0.28801614E+01
  0.10968300E+01 -0.28914691E+01
  0.11145518E+01 -0.29032504E+01
  0.11322737E+01 -0.29153109E+01
  0.11499955E+01 -0.29274644E+01
  0.11677174E+01 -0.29395345E+01
  0.11854393E+01 -0.29513565E+01
  0.12031611E+01 -0.29627771E+01
  0.12208830E+01 -0.29736519E+01
  0.12386048E+01 -0.29838417E+01
  0.12563267E+01 -0.29932057E+01
  0.12740485E+01 -0.30015929E+01
  0.12917704E+01 -0.30088308E+01
  0.13094922E+01 -0.30147142E+01
  0.13272141E+01 -0.30189956E+01
  0.13449359E+01 -0.30213812E+01
  0.13626578E+01 -0.30215369E+01
  0.13803796E+01 -0.30191072E+01
  0.13981015E+01 -0.30137458E+01
  0.14158233E+01 -0.30051561E+01
  0.14335452E+01 -0.29931382E+01
  0.14512671E+01 -0.29776448E+01
  0.14689889E+01 -0.29588380E+01
  0.14867108E+01 -0.29371346E+01
  0.15044326E+01 -0.29132173E+01
  0.15221545E+01 -0.28880047E+01
  0.15398763E+01 -0.28625865E+01
  0.15575982E+01 -0.28381429E+01
  0.15753200E+01 -0.28158652E+01
  0.15930419E+01 -0.27968874E+01
  0.16107637E+01 -0.27822209E+01
  0.16284856E+01 -0.27726729E+01
  0.16462074E+01 -0.27686306E+01
  0.16639293E+01 -0.27689609E+01
  0.16817911E+01 -0.27618163E+01
  0.16996529E+01 -0.27546188E+01
  0.17175147E+01 -0.27474296E+01
  0.17353765E+01 -0.27403106E+01
  0.17532383E+01 -0.27333249E+01
  0.17711001E+01 -0.27265358E+01
  0.17889619E+01 -0.27200076E+01
  0.18068237E+01 -0.27138049E+01
  0.18246855E+01 -0.27079929E+01
  0.18425473E+01 -0.27026372E+01
  0.18604091E+01 -0.26978031E+01
  0.18782709E+01 -0.26935557E+01
  0.18961326E+01 -0.26899590E+01
  0.19139944E+01 -0.26870751E+01
  0.19318562E+01 -0.26849633E+01
  0.19497180E+01 -0.26836793E+01
  0.19675798E+01 -0.26832735E+01
  0.19854416E+01 -0.26837888E+01
  0.20033034E+01 -0.26852576E+01
  0.20211652E+01 -0.26876959E+01
  0.20390270E+01 -0.26910945E+01
  0.20568888E+01 -0.26954019E+01
  0.20747506E+01 -0.27004950E+01
  0.20926124E+01 -0.27061238E+01
  0.21104742E+01 -0.27118100E+01
  0.21283360E+01 -0.27166746E+01
  0.21461978E+01 -0.27192516E+01
  0.21640596E+01 -0.27177200E+01
  0.21819214E+01 -0.27112437E+01
  0.21997832E+01 -0.27018530E+01
  0.22176450E+01 -0.26928874E+01
  0.22355068E+01 -0.26866765E+01
  0.22533686E+01 -0.26845099E+01
  
  0.00000000E+00 -0.19095903E+01
  0.17683355E-01 -0.19049795E+01
  0.35366710E-01 -0.18883612E+01
  0.53050065E-01 -0.18606268E+01
  0.70733420E-01 -0.18230560E+01
  0.88416775E-01 -0.17771505E+01
  0.10610013E+00 -0.17244852E+01
  0.12378348E+00 -0.16666034E+01
  0.14146684E+00 -0.16049535E+01
  0.15915019E+00 -0.15408619E+01
  0.17683355E+00 -0.14755279E+01
  0.19451690E+00 -0.14100305E+01
  0.21220026E+00 -0.13453404E+01
  0.22988361E+00 -0.12823308E+01
  0.24756697E+00 -0.12217868E+01
  0.26525032E+00 -0.11644106E+01
  0.28293368E+00 -0.11108227E+01
  0.30061703E+00 -0.10615613E+01
  0.31830039E+00 -0.10170782E+01
  0.33598374E+00 -0.97773428E+00
  0.35366710E+00 -0.94379531E+00
  0.37135045E+00 -0.91542859E+00
  0.38903381E+00 -0.89270146E+00
  0.40671716E+00 -0.87558209E+00
  0.42440052E+00 -0.86394220E+00
  0.44208387E+00 -0.85756163E+00
  0.45976723E+00 -0.85613382E+00
  0.47745058E+00 -0.85927217E+00
  0.49513394E+00 -0.86651716E+00
  0.51281729E+00 -0.87734950E+00
  0.53050065E+00 -0.89599935E+00
  0.54818400E+00 -0.91679491E+00
  0.56586736E+00 -0.93902228E+00
  0.58355071E+00 -0.96200206E+00
  0.60123407E+00 -0.98511121E+00
  0.61891742E+00 -0.10077997E+01
  0.63660078E+00 -0.10296010E+01
  0.65428413E+00 -0.10501372E+01
  0.67196749E+00 -0.10691185E+01
  0.68965084E+00 -0.10863385E+01
  0.70733420E+00 -0.11016660E+01
  0.72501755E+00 -0.11150344E+01
  0.74270091E+00 -0.11264304E+01
  0.76038426E+00 -0.11358817E+01
  0.77806762E+00 -0.11434461E+01
  0.79575097E+00 -0.11492013E+01
  0.81343433E+00 -0.11532377E+01
  0.83111768E+00 -0.11556514E+01
  0.84880104E+00 -0.11565409E+01
  0.86648439E+00 -0.11560030E+01
  0.88416775E+00 -0.11541305E+01
  0.90188960E+00 -0.11548014E+01
  0.91961145E+00 -0.11511401E+01
  0.93733331E+00 -0.11431829E+01
  0.95505516E+00 -0.11310116E+01
  0.97277701E+00 -0.11147520E+01
  0.99049887E+00 -0.10945720E+01
  0.10082207E+01 -0.10706807E+01
  0.10259426E+01 -0.10433288E+01
  0.10436644E+01 -0.10128107E+01
  0.10613863E+01 -0.97946891E+00
  0.10791081E+01 -0.94369840E+00
  0.10968300E+01 -0.90595190E+00
  0.11145518E+01 -0.86674294E+00
  0.11322737E+01 -0.82664582E+00
  0.11499955E+01 -0.78629069E+00
  0.11677174E+01 -0.74635288E+00
  0.11854393E+01 -0.70753636E+00
  0.12031611E+01 -0.67055270E+00
  0.12208830E+01 -0.63609795E+00
  0.12386048E+01 -0.60483052E+00
  0.12563267E+01 -0.57735283E+00
  0.12740485E+01 -0.55419810E+00
  0.12917704E+01 -0.53582215E+00
  0.13094922E+01 -0.52259849E+00
  0.13272141E+01 -0.51481425E+00
  0.13449359E+01 -0.51266526E+00
  0.13626578E+01 -0.51624878E+00
  0.13803796E+01 -0.52555421E+00
  0.13981015E+01 -0.54045221E+00
  0.14158233E+01 -0.56068400E+00
  0.14335452E+01 -0.58585214E+00
  0.14512671E+01 -0.61541468E+00
  0.14689889E+01 -0.64868386E+00
  0.14867108E+01 -0.68483057E+00
  0.15044326E+01 -0.72289539E+00
  0.15221545E+01 -0.76180688E+00
  0.15398763E+01 -0.80040794E+00
  0.15575982E+01 -0.83749144E+00
  0.15753200E+01 -0.87184696E+00
  0.15930419E+01 -0.90232217E+00
  0.16107637E+01 -0.92790514E+00
  0.16284856E+01 -0.94783927E+00
  0.16462074E+01 -0.96176413E+00
  0.16639293E+01 -0.96970826E+00
  0.16817911E+01 -0.94667572E+00
  0.16996529E+01 -0.92415301E+00
  0.17175147E+01 -0.90279951E+00
  0.17353765E+01 -0.88332913E+00
  0.17532383E+01 -0.86965608E+00
  0.17711001E+01 -0.86118993E+00
  0.17889619E+01 -0.85675955E+00
  0.18068237E+01 -0.85687857E+00
  0.18246855E+01 -0.86198096E+00
  0.18425473E+01 -0.87241099E+00
  0.18604091E+01 -0.88841669E+00
  0.18782709E+01 -0.91014585E+00
  0.18961326E+01 -0.93764374E+00
  0.19139944E+01 -0.97085246E+00
  0.19318562E+01 -0.10096118E+01
  0.19497180E+01 -0.10536616E+01
  0.19675798E+01 -0.11026451E+01
  0.19854416E+01 -0.11561131E+01
  0.20033034E+01 -0.12135279E+01
  0.20211652E+01 -0.12742659E+01
  0.20390270E+01 -0.13376190E+01
  0.20568888E+01 -0.14027924E+01
  0.20747506E+01 -0.14688989E+01
  0.20926124E+01 -0.15349498E+01
  0.21104742E+01 -0.15998437E+01
  0.21283360E+01 -0.16623539E+01
  0.21461978E+01 -0.17211212E+01
  0.21640596E+01 -0.17746578E+01
  0.21819214E+01 -0.18213754E+01
  0.21997832E+01 -0.18596485E+01
  0.22176450E+01 -0.18879248E+01
  0.22355068E+01 -0.19048795E+01
  0.22533686E+01 -0.19095903E+01
  
  0.00000000E+00 -0.19095903E+01
  0.17683355E-01 -0.19018368E+01
  0.35366710E-01 -0.18819719E+01
  0.53050065E-01 -0.18508326E+01
  0.70733420E-01 -0.18097154E+01
  0.88416775E-01 -0.17601968E+01
  0.10610013E+00 -0.17039557E+01
  0.12378348E+00 -0.16426392E+01
  0.14146684E+00 -0.15777828E+01
  0.15915019E+00 -0.15107784E+01
  0.17683355E+00 -0.14428702E+01
  0.19451690E+00 -0.13751667E+01
  0.21220026E+00 -0.13086573E+01
  0.22988361E+00 -0.12442283E+01
  0.24756697E+00 -0.11826751E+01
  0.26525032E+00 -0.11247100E+01
  0.28293368E+00 -0.10709662E+01
  0.30061703E+00 -0.10219969E+01
  0.31830039E+00 -0.97827215E+00
  0.33598374E+00 -0.94017301E+00
  0.35366710E+00 -0.90798500E+00
  0.37135045E+00 -0.88189099E+00
  0.38903381E+00 -0.86196477E+00
  0.40671716E+00 -0.84816592E+00
  0.42440052E+00 -0.84033677E+00
  0.44208387E+00 -0.83820225E+00
  0.45976723E+00 -0.84137363E+00
  0.47745058E+00 -0.84935708E+00
  0.49513394E+00 -0.86156775E+00
  0.51281729E+00 -0.87734531E+00
  0.53050065E+00 -0.89118118E+00
  0.54818400E+00 -0.90741371E+00
  0.56586736E+00 -0.92541729E+00
  0.58355071E+00 -0.94457610E+00
  0.60123407E+00 -0.96430940E+00
  0.61891742E+00 -0.98409455E+00
  0.63660078E+00 -0.10034848E+01
  0.65428413E+00 -0.10221202E+01
  0.67196749E+00 -0.10397315E+01
  0.68965084E+00 -0.10561367E+01
  0.70733420E+00 -0.10712326E+01
  0.72501755E+00 -0.10849816E+01
  0.74270091E+00 -0.10973961E+01
  0.76038426E+00 -0.11085215E+01
  0.77806762E+00 -0.11184192E+01
  0.79575097E+00 -0.11271505E+01
  0.81343433E+00 -0.11347633E+01
  0.83111768E+00 -0.11412831E+01
  0.84880104E+00 -0.11467079E+01
  0.86648439E+00 -0.11510081E+01
  0.88416775E+00 -0.11541305E+01
  0.90188960E+00 -0.11491369E+01
  0.91961145E+00 -0.11398745E+01
  0.93733331E+00 -0.11264388E+01
  0.95505516E+00 -0.11089612E+01
  0.97277701E+00 -0.10876051E+01
  0.99049887E+00 -0.10625611E+01
  0.10082207E+01 -0.10340458E+01
  0.10259426E+01 -0.10023029E+01
  0.10436644E+01 -0.96760785E+00
  0.10613863E+01 -0.93027547E+00
  0.10791081E+01 -0.89066943E+00
  0.10968300E+01 -0.84921204E+00
  0.11145518E+01 -0.80639233E+00
  0.11322737E+01 -0.76277034E+00
  0.11499955E+01 -0.71897530E+00
  0.11677174E+01 -0.67569639E+00
  0.11854393E+01 -0.63366566E+00
  0.12031611E+01 -0.59363455E+00
  0.12208830E+01 -0.55634709E+00
  0.12386048E+01 -0.52251382E+00
  0.12563267E+01 -0.49279006E+00
  0.12740485E+01 -0.46776057E+00
  0.12917704E+01 -0.44793009E+00
  0.13094922E+01 -0.43371772E+00
  0.13272141E+01 -0.42545214E+00
  0.13449359E+01 -0.42336530E+00
  0.13626578E+01 -0.42758346E+00
  0.13803796E+01 -0.43811561E+00
  0.13981015E+01 -0.45484057E+00
  0.14158233E+01 -0.47749467E+00
  0.14335452E+01 -0.50566227E+00
  0.14512671E+01 -0.53877085E+00
  0.14689889E+01 -0.57609239E+00
  0.14867108E+01 -0.61675147E+00
  0.15044326E+01 -0.65974005E+00
  0.15221545E+01 -0.70393817E+00
  0.15398763E+01 -0.74813940E+00
  0.15575982E+01 -0.79108003E+00
  0.15753200E+01 -0.83147042E+00
  0.15930419E+01 -0.86802562E+00
  0.16107637E+01 -0.89948807E+00
  0.16284856E+01 -0.92462648E+00
  0.16462074E+01 -0.94220826E+00
  0.16639293E+01 -0.95110559E+00
  0.16817911E+01 -0.93172100E+00
  0.16996529E+01 -0.91325617E+00
  0.17175147E+01 -0.89632580E+00
  0.17353765E+01 -0.88157426E+00
  0.17532383E+01 -0.86647951E+00
  0.17711001E+01 -0.85300236E+00
  0.17889619E+01 -0.84360668E+00
  0.18068237E+01 -0.83894306E+00
  0.18246855E+01 -0.83957133E+00
  0.18425473E+01 -0.84594003E+00
  0.18604091E+01 -0.85837366E+00
  0.18782709E+01 -0.87706743E+00
  0.18961326E+01 -0.90208804E+00
  0.19139944E+01 -0.93337849E+00
  0.19318562E+01 -0.97076530E+00
  0.19497180E+01 -0.10139667E+01
  0.19675798E+01 -0.10626011E+01
  0.19854416E+01 -0.11161943E+01
  0.20033034E+01 -0.11741857E+01
  0.20211652E+01 -0.12359325E+01
  0.20390270E+01 -0.13007097E+01
  0.20568888E+01 -0.13677075E+01
  0.20747506E+01 -0.14360234E+01
  0.20926124E+01 -0.15046495E+01
  0.21104742E+01 -0.15724564E+01
  0.21283360E+01 -0.16381753E+01
  0.21461978E+01 -0.17003848E+01
  0.21640596E+01 -0.17575128E+01
  0.21819214E+01 -0.18078683E+01
  0.21997832E+01 -0.18497217E+01
  0.22176450E+01 -0.18814435E+01
  0.22355068E+01 -0.19016898E+01
  0.22533686E+01 -0.19095903E+01
  
  0.00000000E+00 -0.81230484E+00
  0.17683355E-01 -0.81154933E+00
  0.35366710E-01 -0.79873203E+00
  0.53050065E-01 -0.77450278E+00
  0.70733420E-01 -0.73998924E+00
  0.88416775E-01 -0.69667804E+00
  0.10610013E+00 -0.64628597E+00
  0.12378348E+00 -0.59064566E+00
  0.14146684E+00 -0.53161676E+00
  0.15915019E+00 -0.47102161E+00
  0.17683355E+00 -0.41059867E+00
  0.19451690E+00 -0.35196638E+00
  0.21220026E+00 -0.29659217E+00
  0.22988361E+00 -0.24576406E+00
  0.24756697E+00 -0.20056455E+00
  0.26525032E+00 -0.16184846E+00
  0.28293368E+00 -0.13022648E+00
  0.30061703E+00 -0.10605692E+00
  0.31830039E+00 -0.89447145E-01
  0.33598374E+00 -0.80265724E-01
  0.35366710E+00 -0.78165376E-01
  0.37135045E+00 -0.82615673E-01
  0.38903381E+00 -0.92943781E-01
  0.40671716E+00 -0.10838068E+00
  0.42440052E+00 -0.13111914E+00
  0.44208387E+00 -0.16243838E+00
  0.45976723E+00 -0.19621667E+00
  0.47745058E+00 -0.23160764E+00
  0.49513394E+00 -0.26787280E+00
  0.51281729E+00 -0.30440399E+00
  0.53050065E+00 -0.34073403E+00
  0.54818400E+00 -0.37653447E+00
  0.56586736E+00 -0.41160028E+00
  0.58355071E+00 -0.44582395E+00
  0.60123407E+00 -0.47916272E+00
  0.61891742E+00 -0.51160366E+00
  0.63660078E+00 -0.54313122E+00
  0.65428413E+00 -0.57370061E+00
  0.67196749E+00 -0.60321919E+00
  0.68965084E+00 -0.63153650E+00
  0.70733420E+00 -0.65844295E+00
  0.72501755E+00 -0.68367620E+00
  0.74270091E+00 -0.70693388E+00
  0.76038426E+00 -0.72789117E+00
  0.77806762E+00 -0.74622120E+00
  0.79575097E+00 -0.76161620E+00
  0.81343433E+00 -0.77380708E+00
  0.83111768E+00 -0.78257936E+00
  0.84880104E+00 -0.78778391E+00
  0.86648439E+00 -0.78934189E+00
  0.88416775E+00 -0.78724462E+00
  0.90188960E+00 -0.78751532E+00
  0.91961145E+00 -0.78237444E+00
  0.93733331E+00 -0.77196255E+00
  0.95505516E+00 -0.75651960E+00
  0.97277701E+00 -0.73637222E+00
  0.99049887E+00 -0.71191709E+00
  0.10082207E+01 -0.68360142E+00
  0.10259426E+01 -0.65190246E+00
  0.10436644E+01 -0.61730772E+00
  0.10613863E+01 -0.58029779E+00
  0.10791081E+01 -0.54133348E+00
  0.10968300E+01 -0.50084872E+00
  0.11145518E+01 -0.45924996E+00
  0.11322737E+01 -0.41692271E+00
  0.11499955E+01 -0.37424489E+00
  0.11677174E+01 -0.33160573E+00
  0.11854393E+01 -0.28942782E+00
  0.12031611E+01 -0.24818852E+00
  0.12208830E+01 -0.20843544E+00
  0.12386048E+01 -0.17079120E+00
  0.12563267E+01 -0.13594399E+00
  0.12740485E+01 -0.10462332E+00
  0.12917704E+01 -0.77563985E-01
  0.13094922E+01 -0.55463111E-01
  0.13272141E+01 -0.38936321E-01
  0.13449359E+01 -0.28477784E-01
  0.13626578E+01 -0.24427603E-01
  0.13803796E+01 -0.26948230E-01
  0.13981015E+01 -0.36010248E-01
  0.14158233E+01 -0.51386958E-01
  0.14335452E+01 -0.72656683E-01
  0.14512671E+01 -0.99211580E-01
  0.14689889E+01 -0.13027194E+00
  0.14867108E+01 -0.16490534E+00
  0.15044326E+01 -0.20205063E+00
  0.15221545E+01 -0.24054697E+00
  0.15398763E+01 -0.27916861E+00
  0.15575982E+01 -0.31666546E+00
  0.15753200E+01 -0.35180917E+00
  0.15930419E+01 -0.38344311E+00
  0.16107637E+01 -0.41053367E+00
  0.16284856E+01 -0.43221916E+00
  0.16462074E+01 -0.44785240E+00
  0.16639293E+01 -0.45703336E+00
  0.16817911E+01 -0.42234511E+00
  0.16996529E+01 -0.38694096E+00
  0.17175147E+01 -0.35091023E+00
  0.17353765E+01 -0.31440831E+00
  0.17532383E+01 -0.27769158E+00
  0.17711001E+01 -0.24114558E+00
  0.17889619E+01 -0.20530189E+00
  0.18068237E+01 -0.17084053E+00
  0.18246855E+01 -0.13857703E+00
  0.18425473E+01 -0.11264032E+00
  0.18604091E+01 -0.95961591E-01
  0.18782709E+01 -0.84241834E-01
  0.18961326E+01 -0.78313870E-01
  0.19139944E+01 -0.78927255E-01
  0.19318562E+01 -0.86692638E-01
  0.19497180E+01 -0.10203241E+00
  0.19675798E+01 -0.12514097E+00
  0.19854416E+01 -0.15595690E+00
  0.20033034E+01 -0.19414820E+00
  0.20211652E+01 -0.23911045E+00
  0.20390270E+01 -0.28997654E+00
  0.20568888E+01 -0.34563601E+00
  0.20747506E+01 -0.40476109E+00
  0.20926124E+01 -0.46583688E+00
  0.21104742E+01 -0.52719368E+00
  0.21283360E+01 -0.58704120E+00
  0.21461978E+01 -0.64350696E+00
  0.21640596E+01 -0.69468417E+00
  0.21819214E+01 -0.73869673E+00
  0.21997832E+01 -0.77378893E+00
  0.22176450E+01 -0.79844109E+00
  0.22355068E+01 -0.81150087E+00
  0.22533686E+01 -0.81230484E+00
  
  0.00000000E+00 -0.81230483E+00
  0.17683355E-01 -0.80090308E+00
  0.35366710E-01 -0.77781299E+00
  0.53050065E-01 -0.74400815E+00
  0.70733420E-01 -0.70085830E+00
  0.88416775E-01 -0.65000351E+00
  0.10610013E+00 -0.59323869E+00
  0.12378348E+00 -0.53242195E+00
  0.14146684E+00 -0.46940794E+00
  0.15915019E+00 -0.40599982E+00
  0.17683355E+00 -0.34391176E+00
  0.19451690E+00 -0.28473613E+00
  0.21220026E+00 -0.22991181E+00
  0.22988361E+00 -0.18069326E+00
  0.24756697E+00 -0.13812146E+00
  0.26525032E+00 -0.10299930E+00
  0.28293368E+00 -0.75873805E-01
  0.30061703E+00 -0.57027662E-01
  0.31830039E+00 -0.46481423E-01
  0.33598374E+00 -0.44007072E-01
  0.35366710E+00 -0.49152417E-01
  0.37135045E+00 -0.61274924E-01
  0.38903381E+00 -0.79582848E-01
  0.40671716E+00 -0.10318110E+00
  0.42440052E+00 -0.12810976E+00
  0.44208387E+00 -0.15131435E+00
  0.45976723E+00 -0.17722064E+00
  0.47745058E+00 -0.20513255E+00
  0.49513394E+00 -0.23445607E+00
  0.51281729E+00 -0.26471140E+00
  0.53050065E+00 -0.29553313E+00
  0.54818400E+00 -0.32665991E+00
  0.56586736E+00 -0.35791630E+00
  0.58355071E+00 -0.38918997E+00
  0.60123407E+00 -0.42040734E+00
  0.61891742E+00 -0.45151000E+00
  0.63660078E+00 -0.48243389E+00
  0.65428413E+00 -0.51309249E+00
  0.67196749E+00 -0.54336469E+00
  0.68965084E+00 -0.57308779E+00
  0.70733420E+00 -0.60205545E+00
  0.72501755E+00 -0.63002038E+00
  0.74270091E+00 -0.65670092E+00
  0.76038426E+00 -0.68179054E+00
  0.77806762E+00 -0.70496929E+00
  0.79575097E+00 -0.72591595E+00
  0.81343433E+00 -0.74431994E+00
  0.83111768E+00 -0.75989224E+00
  0.84880104E+00 -0.77237498E+00
  0.86648439E+00 -0.78154967E+00
  0.88416775E+00 -0.78724462E+00
  0.90188960E+00 -0.78152890E+00
  0.91961145E+00 -0.77044409E+00
  0.93733331E+00 -0.75417209E+00
  0.95505516E+00 -0.73299193E+00
  0.97277701E+00 -0.70726607E+00
  0.99049887E+00 -0.67742308E+00
  0.10082207E+01 -0.64393810E+00
  0.10259426E+01 -0.60731301E+00
  0.10436644E+01 -0.56805791E+00
  0.10613863E+01 -0.52667568E+00
  0.10791081E+01 -0.48365077E+00
  0.10968300E+01 -0.43944312E+00
  0.11145518E+01 -0.39448761E+00
  0.11322737E+01 -0.34919906E+00
  0.11499955E+01 -0.30398234E+00
  0.11677174E+01 -0.25924650E+00
  0.11854393E+01 -0.21542127E+00
  0.12031611E+01 -0.17297318E+00
  0.12208830E+01 -0.13241838E+00
  0.12386048E+01 -0.94328458E-01
  0.12563267E+01 -0.59326493E-01
  0.12740485E+01 -0.28071846E-01
  0.12917704E+01 -0.12342316E-02
  0.13094922E+01  0.20540470E-01
  0.13272141E+01  0.36668826E-01
  0.13449359E+01  0.46668675E-01
  0.13626578E+01  0.50194335E-01
  0.13803796E+01  0.47065394E-01
  0.13981015E+01  0.37287384E-01
  0.14158233E+01  0.21063686E-01
  0.14335452E+01 -0.12011726E-02
  0.14512671E+01 -0.28906220E-01
  0.14689889E+01 -0.61265957E-01
  0.14867108E+01 -0.97328769E-01
  0.15044326E+01 -0.13600138E+00
  0.15221545E+01 -0.17607918E+00
  0.15398763E+01 -0.21628245E+00
  0.15575982E+01 -0.25529849E+00
  0.15753200E+01 -0.29182949E+00
  0.15930419E+01 -0.32464514E+00
  0.16107637E+01 -0.35263846E+00
  0.16284856E+01 -0.37488164E+00
  0.16462074E+01 -0.39067747E+00
  0.16639293E+01 -0.39960063E+00
  0.16817911E+01 -0.36757735E+00
  0.16996529E+01 -0.33568607E+00
  0.17175147E+01 -0.30404136E+00
  0.17353765E+01 -0.27279336E+00
  0.17532383E+01 -0.24215449E+00
  0.17711001E+01 -0.21242562E+00
  0.17889619E+01 -0.18401758E+00
  0.18068237E+01 -0.15746349E+00
  0.18246855E+01 -0.13341773E+00
  0.18425473E+01 -0.10943374E+00
  0.18604091E+01 -0.84402902E-01
  0.18782709E+01 -0.64492602E-01
  0.18961326E+01 -0.50675373E-01
  0.19139944E+01 -0.43829902E-01
  0.19318562E+01 -0.44686154E-01
  0.19497180E+01 -0.53775974E-01
  0.19675798E+01 -0.71392649E-01
  0.19854416E+01 -0.97562015E-01
  0.20033034E+01 -0.13202674E+00
  0.20211652E+01 -0.17424415E+00
  0.20390270E+01 -0.22339678E+00
  0.20568888E+01 -0.27841363E+00
  0.20747506E+01 -0.33799912E+00
  0.20926124E+01 -0.40066668E+00
  0.21104742E+01 -0.46477390E+00
  0.21283360E+01 -0.52855729E+00
  0.21461978E+01 -0.59016723E+00
  0.21640596E+01 -0.64770602E+00
  0.21819214E+01 -0.69927575E+00
  0.21997832E+01 -0.74304450E+00
  0.22176450E+01 -0.77733803E+00
  0.22355068E+01 -0.80075688E+00
  0.22533686E+01 -0.81230483E+00
  
